60237.77318287037	2237473229.370117	0.4185675707284266	8049
60237.77319424768	2237473229.370117	0.4614847308936809	8049
60237.773205625	2237473229.370117	0.2773485357746817	8049
60237.773217002316	2237473229.370117	0.9924916903609068	8049
60237.77322837963	2237473229.370117	0.9569567803389358	8049
60237.77323975694	2237473229.370117	0.9460879325237685	8049
60237.77325113426	2237473229.370117	0.9652582385136954	8049
60237.773262511575	2237473229.370117	1.0003804772649494	8049
60237.77327388889	2237473229.370117	1.0541835670438224	8049
60237.7732852662	2237473229.370117	1.0010372072291567	8049
60237.77329664352	2237473229.370117	1.044470278236803	8049
60237.773308020835	2237473229.370117	1.0199283322953092	8049
60237.77331939815	2237473229.370117	1.014192134741815	8049
60237.77333077546	2237473229.370117	1.0075210400069787	8049
60237.77334215278	2237473229.370117	0.9595416471285294	8049
60237.773353530094	2237473229.370117	0.9448972289414547	8049
60237.77336490741	2237473229.370117	0.9540902056501297	8049
60237.77337628472	2237473229.370117	0.9901766247686846	8049
60237.77338766204	2237473229.370117	1.0489390586056222	8049
60237.77339903935	2237473229.370117	0.9980856474681263	8049
60237.77341041667	2237473229.370117	1.0582528105812736	8049
60237.77342179398	2237473229.370117	1.025966023137797	8049
60237.77343317129	2237473229.370117	1.016482710498732	8049
60237.77344454861	2237473229.370117	1.0028592073229625	8049
60237.773455925926	2237473229.370117	0.983870113978037	8049
60237.773467314815	2237473229.370117	0.9537489026196386	8049
60237.77347869213	2237473229.370117	0.969278825308429	8049
60237.77349006944	2237473229.370117	0.9955622557534708	8049
60237.77350144676	2237473229.370117	1.043312854337716	8049
60237.773512824075	2237473229.370117	1.0082494477329753	8049
60237.77352420139	2237473229.370117	1.0663390200286045	8049
60237.7735355787	2237473229.370117	1.0251748394525408	8049
60237.77354695602	2237473229.370117	1.0229555538498627	8049
60237.773558333334	2237473229.370117	1.0170017513477985	8049
60237.77356971065	2237473229.370117	0.9825923623952071	8049
60237.77358108796	2237473229.370117	0.948513319503844	8049
60237.77359246528	2237473229.370117	0.9440523256250519	8049
60237.773603842594	2237473229.370117	0.9895051977045911	8049
60237.77361521991	2237473229.370117	1.0279030756424399	8049
60237.77362659722	2237473229.370117	1.0218433746651352	8049
60237.77363797454	2237473229.370117	1.0487805273526885	8049
60237.77364935185	2237473229.370117	1.0231085033659113	8049
60237.773660729166	2237473229.370117	1.0133719526962937	8049
60237.77367210648	2237473229.370117	1.031767944631763	8049
60237.7736834838	2237473229.370117	1.0090768379147823	8049
60237.77369486111	2237473229.370117	0.942641466363656	8049
60237.773706238426	2237473229.370117	0.9561024488451866	8049
60237.77371761574	2237473229.370117	0.9916609554175859	8049
60237.77372899305	2237473229.370117	0.9984532245516882	8049
60237.77374037037	2237473229.370117	1.0294857530049129	8049
60237.77375175926	2237473229.370117	1.0314174542674515	8049
60237.773763136574	2237473229.370117	1.0169482353987749	8049
60237.77377451389	2237473229.370117	1.0043244019658493	8049
60237.7737858912	2237473229.370117	1.031522806375981	8049
60237.77379726852	2237473229.370117	0.9931028924314521	8049
60237.773808645834	2237473229.370117	0.9622459967679333	8049
60237.77382002315	2237473229.370117	0.9527058586981444	8049
60237.77383140046	2237473229.370117	0.9610456937835784	8049
60237.77384277778	2237473229.370117	0.9982291758627909	8049
60237.77385415509	2237473229.370117	1.0272249093107817	8049
60237.77386553241	2237473229.370117	1.0113146371875656	8049
60237.77387690972	2237473229.370117	1.0433943588211445	8049
60237.77388828704	2237473229.370117	1.014604487553416	8049
60237.77389966435	2237473229.370117	1.0321016479200391	8049
60237.773911041666	2237473229.370117	1.0036309457158394	8049
60237.77392241898	2237473229.370117	0.972518267641622	8049
60237.7739337963	2237473229.370117	0.953056734788416	8049
60237.77394517361	2237473229.370117	0.9671859437493638	8049
60237.773956550926	2237473229.370117	1.0090983030940808	8049
60237.77396792824	2237473229.370117	1.0504549218813883	8049
60237.77397930556	2237473229.370117	1.0072736914708842	8049
60237.77399068287	2237473229.370117	1.046403342946532	8049
60237.774002060185	2237473229.370117	1.0318198457061254	8049
60237.7740134375	2237473229.370117	1.0354735452552495	8049
60237.77402481482	2237473229.370117	1.0059497187460578	8049
60237.7740362037	2237473229.370117	0.9636983987152642	8049
60237.77404758102	2237473229.370117	0.9296732953658848	8049
60237.77405895833	2237473229.370117	0.9501164615101061	8049
60237.77407033565	2237473214.111328	0.9862684554531209	8049
60237.77408171296	2237473214.111328	1.0283231562619786	8049
60237.77409309028	2237473214.111328	0.9412305871103654	8049
60237.77410446759	2237473214.111328	0.9905481890591632	8049
60237.774115844906	2237473229.370117	0.955480902027741	8049
60237.77412722222	2237473229.370117	0.9719017463160033	8049
60237.77413859954	2237473229.370117	0.9339305664323023	8049
60237.77414997685	2237473229.370117	0.9078821161263555	8049
60237.774161354166	2237473229.370117	0.8809794608635904	8049
60237.77417273148	2237473214.111328	0.9041063583010391	8049
60237.7741841088	2237473214.111328	0.9491150603516174	8049
60237.77419548611	2237473214.111328	0.9784872416394639	8049
60237.774206863425	2237473214.111328	0.9371134600461082	8049
60237.77421824074	2237473214.111328	0.9670603283271808	8049
60237.77422961806	2237473214.111328	0.9619145098751374	8049
60237.77424099537	2237473229.370117	0.9579572282368651	8049
60237.774252372685	2237473214.111328	0.9562783263591985	8049
60237.77426375	2237473214.111328	0.9386487247496852	8049
60237.77427512732	2237473229.370117	0.8957192701390655	8049
60237.77428650463	2237473214.111328	0.9012364245035951	8049
60237.774297881944	2237473214.111328	0.9464882797324515	8049
60237.77430925926	2237473214.111328	0.976114601861277	8049
60237.77432064815	2237473214.111328	0.9632641065636717	8049
60237.77433202546	2237473214.111328	0.9867828662970695	8049
60237.77434340278	2237473214.111328	0.9692960767844083	8049
60237.77435478009	2237473229.370117	0.9659619032129261	8049
60237.774366157406	2237473229.370117	0.9817156863140093	8049
60237.77437753472	2237473229.370117	0.9318735459804143	8049
60237.77438891204	2237473214.111328	0.8907746055409804	8049
60237.77440028935	2237473214.111328	0.9114433265869344	8049
60237.774411666665	2237473214.111328	0.9391601999603565	8049
60237.77442304398	2237473214.111328	0.97815567113351	8049
60237.7744344213	2237473214.111328	0.9672289345540412	8049
60237.77444579861	2237473214.111328	0.9747982893247459	8049
60237.774457175925	2237473214.111328	0.9991251154277292	8049
60237.77446855324	2237473214.111328	0.9669510977911595	8049
60237.77447993056	2237473214.111328	0.9798386796990616	8049
60237.77449130787	2237473214.111328	0.934428046258577	8049
60237.774502685184	2237473214.111328	0.8980970552428456	8049
60237.7745140625	2237473214.111328	0.9061692996464193	8049
60237.77452543982	2237473214.111328	0.927406860644517	8049
60237.77453681713	2237473214.111328	0.9683131704801244	8049
60237.774548194444	2237473214.111328	0.9796387628729624	8049
60237.77455957176	2237473214.111328	0.9772477528959115	8049
60237.77457094908	2237473214.111328	0.9860934601696438	8049
60237.77458232639	2237473229.370117	0.9677339065190999	8049
60237.7745937037	2237473229.370117	0.9851294260959693	8049
60237.77460509259	2237473229.370117	0.9505411988298216	8049
60237.774616469906	2237473229.370117	0.8932169718720742	8049
60237.77462784722	2237473214.111328	0.9015251566136656	8049
60237.77463922454	2237473214.111328	0.9154283331018058	8049
60237.77465060185	2237473214.111328	0.9636225626394628	8049
60237.774661979165	2237473214.111328	0.9879422060076262	8049
60237.77467335648	2237473214.111328	0.9406420915981546	8049
60237.7746847338	2237473214.111328	0.9852818157213783	8049
60237.77469611111	2237473214.111328	0.9608917286793	8049
60237.774707488425	2237473214.111328	0.9701982252437158	8049
60237.77471886574	2237473214.111328	0.9525864461727622	8049
60237.77473024306	2237473214.111328	0.9070960447212673	8049
60237.77474162037	2237473214.111328	0.9048408256877942	8049
60237.774752997684	2237473214.111328	0.9248660198869268	8049
60237.774764375	2237473214.111328	0.9575664783134343	8049
60237.77477575232	2237473214.111328	0.994211566213915	8049
60237.77478712963	2237473214.111328	0.9563893727472184	8049
60237.77479850694	2237473214.111328	0.9926344548300108	8049
60237.77480988426	2237473214.111328	0.9622588920101471	8049
60237.77482126158	2237473214.111328	0.9745161291383251	8049
60237.77483263889	2237473214.111328	0.9576877505553828	8049
60237.7748440162	2237473214.111328	0.9311478278697957	8049
60237.774855393516	2237473214.111328	0.904371882761825	8049
60237.77486677084	2237473214.111328	0.9006473015987018	8049
60237.77487814815	2237473214.111328	0.9572966091436222	8049
60237.77488953704	2237473214.111328	0.989549456465764	8049
60237.77490091435	2237473214.111328	0.9558331935441284	8049
60237.774912291665	2237473214.111328	0.9875788182843122	8049
60237.77492366898	2237473214.111328	0.9614179532039814	8049
60237.7749350463	2237473214.111328	0.9705648914024942	8049
60237.77494642361	2237473214.111328	0.960467071444761	8049
60237.774957800924	2237473214.111328	0.9420071825927596	8049
60237.77496917824	2237473214.111328	0.8943882416867479	8049
60237.77498055556	2237473214.111328	0.9117927342137709	8049
60237.77499193287	2237473214.111328	0.9585499442731591	8049
60237.775003310184	2237473214.111328	0.994723909543196	8049
60237.7750146875	2237473214.111328	0.9521342029464898	8049
60237.77502606482	2237473214.111328	0.9912690853600783	8049
60237.77503744213	2237473214.111328	0.9793281545737665	8049
60237.77504881944	2237473214.111328	0.9783818711854315	8049
60237.77506019676	2237473214.111328	0.962912562156134	8049
60237.77507157408	2237473214.111328	0.9402139343709226	8049
60237.77508295139	2237473214.111328	0.9040130235553656	8049
60237.7750943287	2237473214.111328	0.9001389949856757	8049
60237.775105706016	2237473214.111328	0.9349454090821163	8049
60237.775117083336	2237473214.111328	0.9780627102362597	8049
60237.77512846065	2237473214.111328	0.9638599812016639	8049
60237.77513983796	2237473214.111328	0.9833854667135074	8049
60237.775151215275	2237473214.111328	0.9793266246058567	8049
60237.775162592596	2237473214.111328	0.9599141909042288	8049
60237.775173981485	2237473214.111328	0.9664977663002414	8049
60237.7751853588	2237473214.111328	0.9360530811530762	8049
60237.77519673611	2237473214.111328	0.8998934002091078	8049
60237.775208113424	2237473214.111328	0.9027410254045134	8049
60237.775219490744	2237473214.111328	0.9288617310027956	8049
60237.77523086806	2237473214.111328	0.9661666471407009	8049
60237.77524224537	2237473214.111328	0.9738877175747784	8049
60237.77525362268	2237473214.111328	0.959093345127817	8049
60237.775265	2237473214.111328	0.9810467114321494	8049
60237.77527637732	2237473214.111328	0.9599480595251417	8049
60237.77528775463	2237473214.111328	0.9912422948105386	8049
60237.77529913194	2237473214.111328	0.9571993695105965	8049
60237.775310509256	2237473214.111328	0.9067655113242294	8049
60237.77532188658	2237473214.111328	0.8962184659754664	8049
60237.77533326389	2237473214.111328	0.934868097134119	8049
60237.7753446412	2237473214.111328	0.9736743353846797	8049
60237.775356018516	2237473214.111328	0.9854568249991813	8049
60237.775367395836	2237473214.111328	0.9626989613487915	8049
60237.77537877315	2237473214.111328	0.9824126376175382	8049
60237.77539015046	2237473214.111328	0.9724156043252752	8049
60237.775401527775	2237473214.111328	0.9905357027099875	8049
60237.775412905095	2237473214.111328	0.9526632679665515	8049
60237.77542428241	2237473214.111328	0.9145550424715068	8049
60237.77543565972	2237473214.111328	0.8988923820717939	8049
60237.775447037035	2237473214.111328	0.9590604803351963	8049
60237.775458425924	2237473214.111328	1.0035631778981755	8049
60237.775469803244	2237473214.111328	1.0324313283687871	8049
60237.77548118056	2237473214.111328	0.975888165317006	8049
60237.77549255787	2237473214.111328	1.0591993769137127	8049
60237.77550393518	2237473214.111328	1.025347469224526	8049
60237.7755153125	2237473214.111328	1.0258431783569637	8049
60237.77552668982	2237473214.111328	1.005734220002351	8049
60237.77553806713	2237473214.111328	0.9872685774831733	8049
60237.77554944444	2237473214.111328	0.9445248467473009	8049
60237.775560821756	2237473214.111328	0.9686026900356313	8049
60237.775572199076	2237473214.111328	1.0071445220778932	8049
60237.77558357639	2237473214.111328	1.03761963982734	8049
60237.7755949537	2237473214.111328	1.0068257906016504	8049
60237.775606331015	2237473214.111328	1.0589232799160313	8049
60237.775617708336	2237473214.111328	1.0153314455142786	8049
60237.77562908565	2237473214.111328	1.0254994960558532	8049
60237.77564046296	2237473214.111328	1.0343203601081492	8049
60237.775651840275	2237473214.111328	0.9790648556812127	8049
60237.775663217595	2237473214.111328	0.9535251585131308	8049
60237.77567459491	2237473214.111328	0.9578797736408219	8049
60237.77568597222	2237473214.111328	0.9926580737243209	8049
60237.775697349534	2237473214.111328	1.0371083685339906	8049
60237.775708726855	2237473214.111328	1.0101764998216973	8049
60237.77572010417	2237473214.111328	1.0556673176925906	8049
60237.77573148148	2237473214.111328	1.0292226664968362	8049
60237.77574287037	2237473214.111328	1.0188077960283717	8049
60237.77575424768	2237473214.111328	1.0282228478731794	8049
60237.775765625	2237473214.111328	0.9975083913988847	8049
60237.775777002316	2237473214.111328	0.966379494959225	8049
60237.77578837963	2237473214.111328	0.9680935863340201	8049
60237.77579975694	2237473214.111328	0.998778388478718	8049
60237.77581113426	2237473214.111328	1.0437516364335668	8049
60237.775822511576	2237473214.111328	1.019087275184169	8049
60237.77583388889	2237473214.111328	1.0368812672004348	8049
60237.7758452662	2237473214.111328	1.0386370513179708	8049
60237.775856643515	2237473214.111328	1.002395878944105	8049
60237.775868020835	2237473214.111328	1.0231952326721125	8049
60237.77587939815	2237473214.111328	0.9904413960054532	8049
60237.77589077546	2237473214.111328	0.9414528489943108	8049
60237.775902152775	2237473214.111328	0.9566770443460966	8049
60237.775913530095	2237473214.111328	0.9928465648300362	8049
60237.77592490741	2237473214.111328	1.0240538389032583	8049
60237.77593628472	2237473214.111328	1.019950338902145	8049
60237.775947662034	2237473214.111328	1.0295709074202417	8049
60237.775959039354	2237473214.111328	1.0347072286641037	8049
60237.77597041667	2237473214.111328	1.0210168086197704	8049
60237.77598179398	2237473214.111328	1.0333983833352882	8049
60237.77599317129	2237473214.111328	1.007738057429055	8049
60237.776004548614	2237473214.111328	0.9612172604571848	8049
60237.77601592593	2237473214.111328	0.9519742306307759	8049
60237.776027314816	2237473214.111328	0.9720431068837307	8049
60237.77603869213	2237473214.111328	1.0158832072143271	8049
60237.77605006944	2237473214.111328	1.022296891492673	8049
60237.77606144676	2237473214.111328	1.006498063243375	8049
60237.776072824076	2237473214.111328	1.0405958590019788	8049
60237.77608420139	2237473214.111328	1.0137796967882642	8049
60237.7760955787	2237473214.111328	1.031042392218668	8049
60237.77610695602	2237473214.111328	0.9947063096202593	8049
60237.776118333335	2237473214.111328	0.9610856761609635	8049
60237.77612971065	2237473214.111328	0.9504929154651296	8049
60237.77614108796	2237473214.111328	0.9683491685905771	8049
60237.776152465274	2237473214.111328	1.0	8049
60237.776163842595	2237473214.111328	1.0392352238478126	8049
60237.77617521991	2237473214.111328	0.9987277605352236	8049
60237.77618659722	2237473214.111328	1.0428122403704136	8049
60237.776197974534	2237473214.111328	1.0070618144352268	8049
60237.776209351854	2237473214.111328	1.0213698659433086	8049
60237.77622072917	2237473214.111328	1.005350088689523	8049
60237.77623210648	2237473214.111328	0.9716251808023995	8049
60237.77624348379	2237473214.111328	0.9341215090146547	8049
60237.77625486111	2237473214.111328	0.9576537170601418	8049
60237.77626623843	2237473214.111328	0.9986357674808555	8049
60237.77627761574	2237473214.111328	1.045066015989119	8049
60237.77628899305	2237473214.111328	0.9951652242592551	8049
60237.77630037037	2237473214.111328	1.0438762437938802	8049
60237.77631175926	2237473214.111328	1.0090924160692096	8049
60237.776323136575	2237473214.111328	1.0226247618517923	8049
60237.77633451389	2237473214.111328	1.0162201294327826	8049
60237.7763458912	2237473214.111328	0.9720835892936717	8049
60237.77635726852	2237473214.111328	0.9505422531082468	8049
60237.776368645835	2237473214.111328	0.9692652319963064	8049
60237.77638002315	2237473214.111328	0.9887303883215526	8049
60237.77639140046	2237473214.111328	1.0467742805499243	8049
60237.77640277778	2237473214.111328	1.0101171452987465	8049
60237.776414155094	2237473214.111328	1.0480507926353084	8049
60237.77642553241	2237473214.111328	1.0299737821923598	8049
60237.77643690972	2237473214.111328	1.024329845584617	8049
60237.77644828703	2237473214.111328	1.013648084268192	8049
60237.776459664354	2237473214.111328	0.9981415422173716	8049
60237.77647104167	2237473214.111328	0.9453895338070931	8049
60237.77648241898	2237473214.111328	0.9595320406705256	8049
60237.77649379629	2237473214.111328	0.9823130243586634	8049
60237.77650517361	2237473214.111328	1.0269260449558875	8049
60237.776516550926	2237473214.111328	1.0131597300360637	8049
60237.77652792824	2237473214.111328	1.0471974487411368	8049
60237.77653930555	2237473214.111328	1.0416764782767856	8049
60237.77655068287	2237473214.111328	1.0217979850683419	8049
60237.776562060186	2237473214.111328	1.0338851996027485	8049
60237.7765734375	2237473214.111328	1.0011681386136306	8049
60237.77658481481	2237473214.111328	0.9517794051521549	8049
60237.7765962037	2237473214.111328	0.9529808366201429	8049
60237.77660758102	2237473214.111328	1.000763368374735	8049
60237.776618958334	2237473214.111328	1.023823706092932	8049
60237.77663033565	2237473214.111328	1.0332815877488684	8049
60237.77664171296	2237473214.111328	1.0350855947850162	8049
60237.77665309028	2237473214.111328	1.0215993204404215	8049
60237.776664467594	2237473214.111328	1.0172364077358054	8049
60237.77667584491	2237473214.111328	1.0444218837406987	8049
60237.77668722222	2237473214.111328	1.0040589848732957	8049
60237.77669859954	2237473214.111328	0.9609815764858116	8049
60237.77670997685	2237473214.111328	0.9514151996427653	8049
60237.77672135417	2237473214.111328	0.977794251788588	8049
60237.77673273148	2237473214.111328	1.0177814496897857	8049
60237.7767441088	2237473214.111328	1.0468019923729925	8049
60237.77675548611	2237473214.111328	1.0259263047710159	8049
60237.776766863426	2237473214.111328	1.0377698522178616	8049
60237.77677824074	2237473214.111328	1.0070789139728094	8049
60237.77678961805	2237473214.111328	1.0398610924424057	8049
60237.77680099537	2237473214.111328	1.0007516420703404	8049
60237.776812372686	2237473214.111328	0.9615892884420116	8049
60237.77682375	2237473214.111328	0.9505954643572816	8049
60237.77683512731	2237473214.111328	0.958661370154372	8049
60237.77684650463	2237473214.111328	1.0020054658252935	8049
60237.776857881945	2237473198.852539	1.0400168541123844	8049
60237.77686925926	2237473214.111328	1.0068638545803794	8049
60237.77688064815	2237473214.111328	1.0486279098196845	8049
60237.77689202546	2237473214.111328	1.0192835095033406	8049
60237.77690340278	2237473214.111328	1.0242207738077562	8049
60237.776914780094	2237473214.111328	1.0114437763575164	8049
60237.77692615741	2237473214.111328	0.9558516819303673	8049
60237.77693753472	2237473214.111328	0.9403622664649866	8049
60237.77694891204	2237473214.111328	0.9688626368755097	8049
60237.77696028935	2237473198.852539	1.0117763503389638	8049
60237.776971666666	2237473198.852539	1.0372458673733376	8049
60237.77698304398	2237473198.852539	1.0025661410878095	8049
60237.7769944213	2237473214.111328	1.037846468565537	8049
60237.77700579861	2237473214.111328	1.0126657518488735	8049
60237.777017175926	2237473214.111328	1.0364939343621355	8049
60237.77702855324	2237473214.111328	1.0172810562213175	8049
60237.77703993056	2237473214.111328	0.9741813653388565	8049
60237.77705130787	2237473214.111328	0.9479177826112658	8049
60237.777062685185	2237473214.111328	0.9595066032194313	8049
60237.7770740625	2237473198.852539	0.9908516168579273	8049
60237.77708543981	2237473214.111328	1.0346686432497318	8049
60237.77709681713	2237473198.852539	1.0043255246871126	8049
60237.777108194445	2237473214.111328	1.0383054784600296	8049
60237.77711957176	2237473214.111328	1.011455968825846	8049
60237.77713094907	2237473214.111328	1.0285287446708882	8049
60237.77714232639	2237473214.111328	1.0277330443463149	8049
60237.777153703704	2237473214.111328	0.9784781486203451	8049
60237.77716509259	2237473214.111328	0.9397266164245148	8049
60237.77717646991	2237473198.852539	0.9571710659274575	8049
60237.77718784722	2237473198.852539	0.9958481291402574	8049
60237.77719922454	2237473198.852539	1.0310757096512952	8049
60237.77721060185	2237473198.852539	1.0194810951569662	8049
60237.777221979166	2237473198.852539	1.0550632896545111	8049
60237.77723335648	2237473198.852539	1.0417797561674829	8049
60237.7772447338	2237473214.111328	1.017020183286336	8049
60237.77725611111	2237473214.111328	1.0154399189455035	8049
60237.777267488425	2237473214.111328	0.9934126419023891	8049
60237.77727886574	2237473198.852539	0.9421220775380295	8049
60237.77729024306	2237473198.852539	0.9562583287025401	8049
60237.77730162037	2237473198.852539	0.9863249902957815	8049
60237.777312997685	2237473198.852539	1.016331027998384	8049
60237.777324375	2237473198.852539	1.020663197285562	8049
60237.77733575232	2237473198.852539	1.0293721129626077	8049
60237.77734712963	2237473214.111328	1.0306220593484632	8049
60237.777358506944	2237473214.111328	1.026866615051735	8049
60237.77736988426	2237473214.111328	1.0126557647216825	8049
60237.77738126157	2237473214.111328	1.0015888494482368	8049
60237.77739263889	2237473214.111328	0.9510172758044682	8049
60237.777404016204	2237473214.111328	0.9460851015539378	8049
60237.77741539352	2237473214.111328	0.9714820776470864	8049
60237.77742677083	2237473198.852539	1.0252750524682444	8049
60237.77743814815	2237473198.852539	1.0385988225825131	8049
60237.77744953704	2237473198.852539	1.0065754720932603	8049
60237.77746091435	2237473198.852539	1.0376914435380633	8049
60237.777472291666	2237473198.852539	1.0194788674719457	8049
60237.77748366898	2237473198.852539	1.0252187862225632	8049
60237.7774950463	2237473214.111328	1.011089573968833	8049
60237.77750642361	2237473214.111328	0.9522980913214969	8049
60237.777517800925	2237473198.852539	0.9387822736611183	8049
60237.77752917824	2237473198.852539	0.9641722167234555	8049
60237.77754055556	2237473198.852539	1.0089405055436673	8049
60237.77755193287	2237473198.852539	1.0256532278429655	8049
60237.777563310185	2237473198.852539	1.0170640797238246	8049
60237.7775746875	2237473198.852539	1.058089005701825	8049
60237.77758606482	2237473198.852539	1.0181152088377665	8049
60237.77759744213	2237473198.852539	1.0357538464307003	8049
60237.777608819444	2237473198.852539	1.0128702063645787	8049
60237.77762019676	2237473198.852539	0.9712938193881401	8049
60237.77763157408	2237473198.852539	0.9387485415730836	8049
60237.77764295139	2237473198.852539	0.9725784110212017	8049
60237.777654328704	2237473198.852539	1.0042309819606263	8049
60237.77766570602	2237473198.852539	1.055537266421863	8049
60237.77767708333	2237473198.852539	0.997966614553537	8049
60237.77768846065	2237473198.852539	1.0530823356556063	8049
60237.77769983796	2237473198.852539	1.02992011618653	8049
60237.777711215276	2237473198.852539	1.0193017357605654	8049
60237.77772259259	2237473198.852539	1.0158244832592418	8049
60237.77773398148	2237473198.852539	0.9774989491660604	8049
60237.7777453588	2237473198.852539	0.9405905397939452	8049
60237.77775673611	2237473198.852539	0.9555150975749254	8049
60237.777768113425	2237473198.852539	1.0011420621275153	8049
60237.77777949074	2237473198.852539	1.0463116563561434	8049
60237.77779086806	2237473198.852539	1.0087288448908658	8049
60237.77780224537	2237473198.852539	1.056714487000271	8049
60237.777813622684	2237473198.852539	1.0214310411398322	8049
60237.777825	2237473198.852539	1.0194904093805155	8049
60237.77783637732	2237473198.852539	1.0009902756693168	8049
60237.77784775463	2237473198.852539	0.9736659910032026	8049
60237.777859131944	2237473198.852539	0.9405855014837863	8049
60237.77787050926	2237473198.852539	0.9528055578045652	8049
60237.77788188658	2237473198.852539	1.0033563699837142	8049
60237.77789326389	2237473198.852539	1.0334740754694507	8049
60237.7779046412	2237473198.852539	0.9984589100112251	8049
60237.77791601852	2237473198.852539	1.027936494092933	8049
60237.77792739584	2237473198.852539	1.0381244121086546	8049
60237.77793877315	2237473198.852539	1.0135988414101735	8049
60237.77795015046	2237473198.852539	1.0047644945891703	8049
60237.777961527776	2237473198.852539	0.9963441373279138	8049
60237.77797290509	2237473198.852539	0.9472685623081496	8049
60237.77798428241	2237473198.852539	0.9427695339680725	8049
60237.77799565972	2237473198.852539	0.9930465298718807	8049
60237.778007037035	2237473198.852539	1.0354303919282315	8049
60237.778018425925	2237473198.852539	1.023131603411765	8049
60237.77802980324	2237473198.852539	1.0438881457917462	8049
60237.77804118056	2237473198.852539	1.0377416035536322	8049
60237.77805255787	2237473198.852539	1.008629460480381	8049
60237.778063935184	2237473198.852539	1.0410285882578352	8049
60237.7780753125	2237473198.852539	0.9916901475816264	8049
60237.77808668982	2237473198.852539	0.9508556321663916	8049
60237.77809806713	2237473198.852539	0.938571335421297	8049
60237.77810944444	2237473198.852539	0.9926011476285294	8049
60237.77812082176	2237473198.852539	1.0421053039388832	8049
60237.77813219908	2237473198.852539	1.0358103611638672	8049
60237.77814357639	2237473198.852539	1.0352125856495262	8049
60237.7781549537	2237473198.852539	1.0613100444379309	8049
60237.778166331016	2237473198.852539	1.020702349293738	8049
60237.77817770834	2237473198.852539	1.0371246936796679	8049
60237.77818908565	2237473198.852539	1.0030537931340506	8049
60237.77820046296	2237473198.852539	0.9592563724401773	8049
60237.778211840276	2237473198.852539	0.9516446442615305	8049
60237.778223217596	2237473198.852539	0.9686301974709799	8049
60237.77823459491	2237473198.852539	1.0163991222719218	8049
60237.77824597222	2237473198.852539	1.0528368431904973	8049
60237.778257349535	2237473198.852539	1.0100764806097693	8049
60237.778268726855	2237473198.852539	1.0312778238217757	8049
60237.77828010417	2237473198.852539	1.0233199792700896	8049
60237.77829148148	2237473198.852539	1.0414920913893688	8049
60237.77830287037	2237473198.852539	0.9968267585903561	8049
60237.778314247684	2237473198.852539	0.9661962911215525	8049
60237.778325625	2237473198.852539	0.9507486983462259	8049
60237.77833700232	2237473198.852539	0.9756778214244419	8049
60237.77834837963	2237473198.852539	1.021368807548905	8049
60237.77835975694	2237473198.852539	1.0364202592925074	8049
60237.778371134256	2237473198.852539	1.015842557813269	8049
60237.77838251158	2237473198.852539	1.0765474405551148	8049
60237.77839388889	2237473198.852539	1.0267642566705757	8049
60237.7784052662	2237473198.852539	1.0327680650154238	8049
60237.778416643516	2237473198.852539	1.0223066171964466	8049
60237.778428020836	2237473198.852539	0.9786576584263507	8049
60237.77843939815	2237473198.852539	0.9434425279262807	8049
60237.77845077546	2237473198.852539	0.9807494314936772	8049
60237.778462152775	2237473198.852539	1.0072437345580871	8049
60237.778473530096	2237473198.852539	1.0464119055924552	8049
60237.77848490741	2237473198.852539	1.0037601361591189	8049
60237.77849628472	2237473198.852539	1.0510557201701458	8049
60237.778507662035	2237473198.852539	1.0251604706901185	8049
60237.778519039355	2237473198.852539	1.0378549034985358	8049
60237.77853041667	2237473198.852539	1.0194661944925565	8049
60237.77854179398	2237473198.852539	0.9796583590453436	8049
60237.778553171294	2237473198.852539	0.9415823056825824	8049
60237.778564548615	2237473198.852539	0.96431180012938	8049
60237.77857592593	2237473198.852539	0.9919422754740492	8049
60237.77858731482	2237473198.852539	1.0407862147634341	8049
60237.77859869213	2237473198.852539	1.0060076465533527	8049
60237.77861006944	2237473198.852539	1.055596980093315	8049
60237.778621446756	2237473198.852539	1.0326595826466465	8049
60237.778632824076	2237473198.852539	1.0250322906606963	8049
60237.77864420139	2237473198.852539	1.0372273330057418	8049
60237.7786555787	2237473198.852539	0.9925877079011947	8049
60237.778666956016	2237473198.852539	0.9459504579098934	8049
60237.778678333336	2237473198.852539	0.9561154419300829	8049
60237.77868971065	2237473198.852539	0.981610581164174	8049
60237.77870108796	2237473198.852539	1.040067565433838	8049
60237.778712465275	2237473198.852539	1.028799063658322	8049
60237.778723842595	2237473198.852539	1.0449902213082987	8049
60237.77873521991	2237473198.852539	1.042835849621575	8049
60237.77874659722	2237473198.852539	1.0122369900432382	8049
60237.778757974535	2237473198.852539	1.0301230849516911	8049
60237.778769351855	2237473198.852539	0.9986069586907877	8049
60237.77878072917	2237473198.852539	0.9512966968661728	8049
60237.77879210648	2237473198.852539	0.9437886624096246	8049
60237.778803483794	2237473198.852539	0.9896903339352459	8049
60237.778814861114	2237473198.852539	1.0326075740864522	8049
60237.77882623843	2237473198.852539	1.0417126890069142	8049
60237.77883761574	2237473198.852539	1.0488058808378267	8049
60237.77884899305	2237473198.852539	1.0385450509724414	8049
60237.778860370374	2237473198.852539	1.0173991069459003	8049
60237.778871759256	2237473198.852539	1.0512750876981956	8049
60237.778883136576	2237473198.852539	1.0029455770102653	8049
60237.77889451389	2237473198.852539	0.9524230942861185	8049
60237.7789058912	2237473198.852539	0.9475257749624855	8049
60237.778917268515	2237473198.852539	0.978562778777646	8049
60237.778928645836	2237473198.852539	1.008910532637355	8049
60237.77894002315	2237473198.852539	1.0432655506934436	8049
60237.77895140046	2237473198.852539	1.0184458731229122	8049
60237.778962777775	2237473198.852539	1.0386698940019086	8049
60237.778974155095	2237473198.852539	1.0169225763904521	8049
60237.77898553241	2237473198.852539	1.0465031039102257	8049
60237.77899690972	2237473198.852539	0.9944512177531091	8049
60237.779008287034	2237473198.852539	0.9556561048741206	8049
60237.779019664355	2237473198.852539	0.950487793306614	8049
60237.77903104167	2237473198.852539	0.9770486402143601	8049
60237.77904241898	2237473198.852539	1.0066081306165717	8049
60237.779053796294	2237473198.852539	1.0511813572306146	8049
60237.779065173614	2237473198.852539	1.0101913700278682	8049
60237.77907655093	2237473198.852539	1.0471137711387992	8049
60237.77908792824	2237473198.852539	1.0200782117619913	8049
60237.77909930555	2237473198.852539	1.040966869987383	8049
60237.77911068287	2237473198.852539	1.0032605834086052	8049
60237.77912206019	2237473198.852539	0.9697068602323078	8049
60237.7791334375	2237473198.852539	0.9604773764430714	8049
60237.77914481481	2237473198.852539	0.9462350502866536	8049
60237.7791562037	2237473198.852539	1.0033619164407863	8049
60237.779167581015	2237473198.852539	1.053836343355038	8049
60237.779178958335	2237473198.852539	1.0038239723943718	8049
60237.77919033565	2237473198.852539	1.06189634836813	8049
60237.77920171296	2237473198.852539	1.0229366264651452	8049
60237.779213090274	2237473198.852539	1.05161753426504	8049
60237.779224467595	2237473198.852539	1.0200706477699875	8049
60237.77923584491	2237473198.852539	0.9904911969901203	8049
60237.77924722222	2237473198.852539	0.954664844192412	8049
60237.779258599534	2237473198.852539	0.9718038655311678	8049
60237.779269976854	2237473198.852539	1.0013099705196655	8049
60237.77928135417	2237473198.852539	1.0410107881807567	8049
60237.77929273148	2237473198.852539	1.0133214524657237	8049
60237.77930410879	2237473198.852539	1.0624559878153232	8049
60237.779315486114	2237473198.852539	1.0419355059599245	8049
60237.77932686343	2237473198.852539	1.0245899175502338	8049
60237.77933824074	2237473198.852539	1.0366284285373704	8049
60237.77934961805	2237473198.852539	0.9941594217088398	8049
60237.77936099537	2237473198.852539	0.9478578407970202	8049
60237.779372372686	2237473198.852539	0.9568132136068739	8049
60237.77938375	2237473198.852539	0.9891752552444287	8049
60237.77939512731	2237473198.852539	1.0226989510659017	8049
60237.77940650463	2237473198.852539	1.0199766468238365	8049
60237.779417881946	2237473198.852539	1.040447173404184	8049
60237.77942925926	2237473198.852539	1.0235839075545152	8049
60237.77944064815	2237473198.852539	1.0282601075897613	8049
60237.77945202546	2237473198.852539	1.0534547752382566	8049
60237.77946340278	2237473198.852539	0.9861929434812058	8049
60237.779474780094	2237473198.852539	0.9378724954717548	8049
60237.77948615741	2237473198.852539	0.9484973904328722	8049
60237.77949753472	2237473198.852539	0.975150172771291	8049
60237.77950891203	2237473198.852539	1.02902124745628	8049
60237.779520289354	2237473198.852539	1.0285616413329404	8049
60237.77953166667	2237473198.852539	1.0246161144581125	8049
60237.77954304398	2237473198.852539	1.0352998124010973	8049
60237.77955442129	2237473198.852539	1.0115640304240485	8049
60237.77956579861	2237473198.852539	1.0380712736536348	8049
60237.77957717593	2237473198.852539	1.000410726177002	8049
60237.77958855324	2237473198.852539	0.9476807394262796	8049
60237.77959993055	2237473198.852539	0.9363131733457861	8049
60237.77961130787	2237473198.852539	0.9692027182836604	8049
60237.779622685186	2237473198.852539	1.036971645144943	8049
60237.7796340625	2237473198.852539	1.0370441663294727	8049
60237.77964543981	2237473198.852539	1.0239920065614092	8049
60237.77965681713	2237473198.852539	1.036089940514335	8049
60237.779668194446	2237473198.852539	1.009035237840351	8049
60237.77967957176	2237473198.852539	1.0407825569523754	8049
60237.77969094907	2237473198.852539	1.0054675017902777	8049
60237.77970232639	2237473198.852539	0.952213553832506	8049
60237.779713703705	2237473198.852539	0.9497302477474896	8049
60237.779725092594	2237473198.852539	0.9766851555891587	8049
60237.77973646991	2237473198.852539	1.0201720109076096	8049
60237.77974784722	2237473198.852539	1.0448579704588017	8049
60237.77975922454	2237473198.852539	0.998696167697477	8049
60237.779770601854	2237473198.852539	1.03780580952133	8049
60237.77978197917	2237473198.852539	1.00988765552182	8049
60237.77979335648	2237473198.852539	1.0275723807814559	8049
60237.77980473379	2237473198.852539	1.0155161828478425	8049
60237.77981611111	2237473198.852539	0.9728686037155491	8049
60237.779827488426	2237473198.852539	0.9521855759996445	8049
60237.77983886574	2237473198.852539	0.9601956309120578	8049
60237.77985024305	2237473198.852539	1.011566568689027	8049
60237.77986162037	2237473198.852539	1.0506211180265925	8049
60237.779872997686	2237473198.852539	1.0023102854126982	8049
60237.779884375	2237473198.852539	1.039890772173468	8049
60237.77989575231	2237473198.852539	1.0204970377137643	8049
60237.77990712963	2237473198.852539	1.010657699072459	8049
60237.779918506945	2237473198.852539	1.0175085218777467	8049
60237.77992988426	2237473198.852539	0.9775203270866202	8049
60237.77994126157	2237473198.852539	0.9406850346574845	8049
60237.77995263889	2237473198.852539	0.9590810672823387	8049
60237.779964016205	2237473198.852539	0.9858311188888265	8049
60237.77997539352	2237473198.852539	1.0402924723629972	8049
60237.77998677083	2237473198.852539	0.9954538183076558	8049
60237.77999814815	2237473198.852539	1.0467610035801291	8049
60237.78000953704	2237473198.852539	1.0179851610950204	8049
60237.78002091435	2237473198.852539	1.0120363344578451	8049
60237.78003229167	2237473198.852539	1.0108275417391814	8049
60237.78004366898	2237473198.852539	0.9631535252811927	8049
60237.7800550463	2237473198.852539	0.9299073465874916	8049
60237.78006642361	2237473198.852539	0.9467639948849518	8049
60237.780077800926	2237473198.852539	0.9940367674389992	8049
60237.78008917824	2237473198.852539	1.0353606239803437	8049
60237.78010055555	2237473198.852539	1.003587498390376	8049
60237.78011193287	2237473198.852539	1.0377402869109942	8049
60237.780123310185	2237473198.852539	1.0358925998202135	8049
60237.7801346875	2237473198.852539	1.003055447286904	8049
60237.78014606481	2237473198.852539	1.0236997937449437	8049
60237.78015744213	2237473198.852539	0.999478199799124	8049
60237.780168819445	2237473198.852539	0.9464720177376402	8049
60237.78018019676	2237473198.852539	0.9393450160855039	8049
60237.78019157407	2237473198.852539	0.9839629803253873	8049
60237.78020295139	2237473198.852539	1.0253204439466277	8049
60237.780214328704	2237473198.852539	1.0289358293831454	8049
60237.78022570602	2237473198.852539	1.0261434490828214	8049
60237.78023708333	2237473198.852539	1.0234104131919017	8049
60237.78024846065	2237473198.852539	1.002967404866046	8049
60237.780259837964	2237473198.852539	1.0379222841790468	8049
60237.78027121528	2237473198.852539	0.9831946866534956	8049
60237.78028259259	2237473198.852539	0.9469253092447696	8049
60237.78029398148	2237473198.852539	0.9544098003058082	8049
60237.7803053588	2237473198.852539	0.9741276259510143	8049
60237.78031673611	2237473198.852539	1.013558133444625	8049
60237.780328113426	2237473198.852539	1.0259936533468967	8049
60237.78033949074	2237473198.852539	1.027325814869223	8049
60237.78035086806	2237473198.852539	1.0212691811188999	8049
60237.78036224537	2237473198.852539	1.0083079045022734	8049
60237.780373622685	2237473198.852539	1.0245390440592377	8049
60237.780385	2237473198.852539	1.0004027256561066	8049
60237.78039637731	2237473198.852539	0.9436476480544665	8049
60237.78040775463	2237473198.852539	0.9400523246014669	8049
60237.780419131945	2237473198.852539	0.9503296197909885	8049
60237.78043050926	2237473198.852539	1.0050758492916194	8049
60237.78044188657	2237473198.852539	1.042073779308776	8049
60237.78045326389	2237473198.852539	0.994592042067672	8049
60237.780464641204	2237473198.852539	1.0351848677112905	8049
60237.78047601852	2237473198.852539	0.9993215734209178	8049
60237.78048739583	2237473198.852539	1.0335724619316125	8049
60237.78049877315	2237473198.852539	0.990988387874723	8049
60237.780510150464	2237473198.852539	0.9686171608743137	8049
60237.78052152778	2237473198.852539	0.9327910446865542	8049
60237.78053290509	2237473198.852539	0.9522814220800389	8049
60237.78054428241	2237473198.852539	0.9983216355514917	8049
60237.78055565972	2237473198.852539	1.0373739860158844	8049
60237.780567037036	2237473198.852539	1.002950503013018	8049
60237.780578425925	2237473198.852539	1.0523625237385574	8049
60237.78058980324	2237473198.852539	1.0070483126154204	8049
60237.78060118056	2237473198.852539	1.0197405058612796	8049
60237.78061255787	2237473198.852539	0.9990572857527924	8049
60237.780623935185	2237473198.852539	0.9664623959352694	8049
60237.7806353125	2237473198.852539	0.9304601175254033	8049
60237.78064668982	2237473198.852539	0.9512389816785536	8049
60237.78065806713	2237473198.852539	0.999533396948858	8049
60237.780669444444	2237473198.852539	1.0483363269830877	8049
60237.78068082176	2237473198.852539	0.9966779465732298	8049
60237.78069219907	2237473198.852539	1.0446508483188022	8049
60237.78070357639	2237473198.852539	1.0249631114152957	8049
60237.780714953704	2237473198.852539	1.0134220850760083	8049
60237.78072633102	2237473198.852539	1.0111447797033215	8049
60237.78073770833	2237473198.852539	0.9852214830067996	8049
60237.78074908565	2237473198.852539	0.9256425929078398	8049
60237.78076046296	2237473198.852539	0.9369507367281407	8049
60237.78077184028	2237473198.852539	0.9789056561110128	8049
60237.78078321759	2237473198.852539	1.0202540217739604	8049
60237.78079459491	2237473198.852539	0.9965236658322205	8049
60237.78080597222	2237473198.852539	1.0310263036829395	8049
60237.780817349536	2237473198.852539	1.025851591181279	8049
60237.78082872685	2237473198.852539	1.0174403111808246	8049
60237.78084010417	2237473198.852539	1.0243028753432277	8049
60237.78085148148	2237473198.852539	0.9796723345554452	8049
60237.78086287037	2237473198.852539	0.9197363607654379	8049
60237.780874247685	2237473198.852539	0.9304772992649514	8049
60237.780885625	2237473198.852539	0.9637249547716435	8049
60237.78089700232	2237473198.852539	1.0098690030844486	8049
60237.78090837963	2237473198.852539	1.0012281835625307	8049
60237.780919756944	2237473198.852539	1.013034100972353	8049
60237.78093113426	2237473198.852539	1.0227300208216143	8049
60237.78094251158	2237473198.852539	0.9972746165358166	8049
60237.78095388889	2237473198.852539	1.026511715533938	8049
60237.7809652662	2237473198.852539	0.997757423134879	8049
60237.78097664352	2237473198.852539	0.9390692493068766	8049
60237.78098802084	2237473198.852539	0.939938585775684	8049
60237.78099939815	2237473198.852539	0.9626584153175869	8049
60237.78101077546	2237473198.852539	0.9985519762775183	8049
60237.781022152776	2237473198.852539	1.0225011967747677	8049
60237.78103353009	2237473198.852539	1.0037868439186963	8049
60237.78104490741	2237473198.852539	1.0286280760440536	8049
60237.78105628472	2237473198.852539	0.9948486160397851	8049
60237.781067662036	2237473198.852539	1.0214351415949503	8049
60237.78107903935	2237473198.852539	0.991438863111944	8049
60237.78109041667	2237473198.852539	0.9416445329231432	8049
60237.78110179398	2237473198.852539	0.9361819367909259	8049
60237.781113171295	2237473198.852539	0.9554911715110391	8049
60237.78112454861	2237473198.852539	1.0071365856486587	8049
60237.78113592593	2237473198.852539	1.0236414682165518	8049
60237.78114731482	2237473183.59375	0.986686874040648	8049
60237.78115869213	2237473183.59375	1.0387857881890947	8049
60237.781170069444	2237473198.852539	1.0049220568232282	8049
60237.78118144676	2237473198.852539	1.0245802176007244	8049
60237.78119282408	2237473198.852539	0.9960453941003791	8049
60237.78120420139	2237473198.852539	0.9500299988016951	8049
60237.7812155787	2237473198.852539	0.9172399302370194	8049
60237.781226956016	2237473198.852539	0.9457386621354065	8049
60237.78123833334	2237473183.59375	0.9949853523647643	8049
60237.78124971065	2237473183.59375	1.0066060485195814	8049
60237.78126108796	2237473183.59375	0.9988812002054803	8049
60237.781272465276	2237473183.59375	1.0452000995073254	8049
60237.781283842596	2237473198.852539	1.0156921332734692	8049
60237.78129521991	2237473198.852539	1.0107975430786054	8049
60237.78130659722	2237473198.852539	1.0041921754594236	8049
60237.781317974535	2237473198.852539	0.9660556617867586	8049
60237.78132935185	2237473198.852539	0.9228949178935276	8049
60237.78134072917	2237473198.852539	0.9399398041052418	8049
60237.78135210648	2237473183.59375	0.9810386060126084	8049
60237.781363483795	2237473183.59375	1.030173459468526	8049
60237.78137486111	2237473183.59375	0.9898930098779557	8049
60237.78138623843	2237473183.59375	1.0262335517271854	8049
60237.78139761574	2237473198.852539	0.9982783821474028	8049
60237.781408993054	2237473198.852539	1.008566659472454	8049
60237.78142037037	2237473198.852539	1.0003798123580652	8049
60237.78143175926	2237473198.852539	0.9657468509940581	8049
60237.78144313658	2237473198.852539	0.9381044289637595	8049
60237.78145451389	2237473198.852539	0.9338171486528218	8049
60237.7814658912	2237473198.852539	0.9626748119636863	8049
60237.781477268516	2237473183.59375	1.0199117460790124	8049
60237.781488645836	2237473183.59375	0.9935138810902664	8049
60237.78150002315	2237473183.59375	1.035055503691329	8049
60237.78151140046	2237473198.852539	1.0289521774607016	8049
60237.781522777776	2237473198.852539	0.9950238705122916	8049
60237.781534155096	2237473198.852539	1.0214255174970397	8049
60237.78154553241	2237473198.852539	0.9844731099639736	8049
60237.78155690972	2237473198.852539	0.9308966940449167	8049
60237.781568287035	2237473198.852539	0.9400855748260497	8049
60237.781579664355	2237473183.59375	0.9626434729053979	8049
60237.78159104167	2237473183.59375	1.0194281352178027	8049
60237.78160241898	2237473183.59375	1.0027803110761422	8049
60237.781613796295	2237473183.59375	1.015916400462011	8049
60237.78162517361	2237473183.59375	1.021025405839911	8049
60237.78163655093	2237473198.852539	0.9940235950150509	8049
60237.78164792824	2237473198.852539	1.0162170794929097	8049
60237.781659305554	2237473198.852539	0.9813172615023611	8049
60237.78167068287	2237473198.852539	0.9267328860250943	8049
60237.78168206019	2237473198.852539	0.918489710925351	8049
60237.7816934375	2237473198.852539	0.960474975651766	8049
60237.78170481481	2237473183.59375	1.0189798923695774	8049
60237.7817162037	2237473183.59375	1.0297032472924679	8049
60237.781727581016	2237473183.59375	1.0103280377924095	8049
60237.781738958336	2237473183.59375	1.024623471004813	8049
60237.78175033565	2237473183.59375	1.0092671295845765	8049
60237.78176171296	2237473183.59375	1.0193385035589482	8049
60237.781773090275	2237473198.852539	0.9972601561634786	8049
60237.781784467596	2237473183.59375	0.9415334418473598	8049
60237.78179584491	2237473198.852539	0.9390836714594164	8049
60237.78180722222	2237473183.59375	0.9591866123714476	8049
