60238.85072916667	2215002563.4765625	0.8700552270464997	8049
60238.85084445602	2215002563.4765625	1.060974945211737	8049
60238.850959745374	2215002563.4765625	1.0525506208847895	8049
60238.851075046296	2215002563.4765625	1.0717371779955298	8049
60238.85119033565	2215002563.4765625	1.0456670957544063	8049
60238.85130563658	2215002548.2177734	1.061198312040971	8049
60238.85142092592	2215002548.2177734	1.0565777936784997	8049
60238.85153622685	2215002548.2177734	1.0472566087791395	8049
60238.851651516205	2215002548.2177734	1.0799164748616938	8049
60238.851766817126	2215002548.2177734	1.0433178277527762	8049
60238.85188210648	2215002532.9589844	1.0383372009265588	8049
60238.85199740741	2215002532.9589844	1.0412451441164747	8049
60238.85211269676	2215002532.9589844	1.0732203512711935	8049
60238.85222799768	2215002532.9589844	1.0598582831423682	8049
60238.852343287035	2215002532.9589844	1.0284593005337026	8049
60238.852458587964	2215002532.9589844	1.0296878348069842	8049
60238.85257387732	2215002517.7001953	1.0123619986147496	8049
60238.85268917824	2215002517.7001953	1.0589898870439352	8049
60238.85280446759	2215002517.7001953	1.103065973076829	8049
60238.852919756944	2215002517.7001953	1.0118979693808472	8049
60238.85303505787	2215002517.7001953	1.0353708259020915	8049
60238.85315034722	2215002502.4414062	1.0427397252174644	8049
60238.85326564815	2215002502.4414062	1.063085485744237	8049
60238.8533809375	2215002502.4414062	1.0131916105829997	8049
60238.85349623843	2215002502.4414062	1.0168822481967243	8049
60238.853611527775	2215002502.4414062	0.9909877474286131	8049
60238.853726828704	2215002487.182617	1.0692883319965318	8049
60238.85384211806	2215002487.182617	1.0465499240207885	8049
60238.85395741898	2215002487.182617	1.0652572150539896	8049
60238.85407270833	2215002487.182617	1.057203303991441	8049
60238.85418800926	2215002487.182617	1.03707603148331	8049
60238.85430329861	2215002487.182617	1.0272999163751315	8049
60238.854418599534	2215002471.923828	1.0047750123806163	8049
60238.85453388889	2215002471.923828	0.9097685509091222	8049
60238.854649189816	2215002471.923828	0.8902324525833586	8049
60238.85476447917	2215002471.923828	0.9032051282432194	8049
60238.85487976852	2215002471.923828	0.9643380832868751	8049
60238.85499506944	2215002456.665039	0.8992125379346403	8049
60238.855110358796	2215002456.665039	0.900841333988483	8049
60238.855225659725	2215002456.665039	1.065578481203311	8049
60238.85534094907	2215002456.665039	1.0252498354599155	8049
60238.85545625	2215002456.665039	1.1015510299670535	8049
60238.85557153935	2215002456.665039	1.0833248693830617	8049
60238.85568684028	2215002441.40625	1.0433865606740917	8049
60238.85580212963	2215002441.40625	1.0186069640684625	8049
60238.855917430556	2215002441.40625	1.0282202289109705	8049
60238.85603271991	2215002441.40625	0.9971737214886816	8049
60238.85614802083	2215002441.40625	1.0039573133264317	8049
60238.85626331018	2215002426.147461	0.974024837302994	8049
60238.85637861111	2215002426.147461	1.015788973716727	8049
60238.856493900465	2215002426.147461	0.9927873055670802	8049
60238.856609201386	2215002426.147461	1.0714881828646248	8049
60238.85672449074	2215002426.147461	1.0460574389786448	8049
60238.85683979167	2215002410.888672	1.0693204794092357	8049
60238.85695508102	2215002410.888672	1.0448573704173052	8049
60238.85707037037	2215002410.888672	1.0357575901764637	8049
60238.857185671295	2215002410.888672	1.0540171930820352	8049
60238.85730096065	2215002410.888672	1.0355505854988667	8049
60238.85741626158	2215002410.888672	0.956223460062673	8049
60238.85753155092	2215002395.629883	0.9983600461892759	8049
60238.85764685185	2215002395.629883	0.9741553916004496	8049
60238.857762141204	2215002395.629883	0.9907233149041308	8049
60238.85787744213	2215002395.629883	0.9591130888339379	8049
60238.85799273148	2215002395.629883	0.998537290246055	8049
60238.85810803241	2215002380.3710938	0.9963936020270736	8049
60238.85822332176	2215002380.3710938	1.042144984464857	8049
60238.85833862268	2215002380.3710938	0.9974067233808034	8049
60238.858453912035	2215002380.3710938	1.0278124242243094	8049
60238.85856921296	2215002380.3710938	1.0501602884258738	8049
60238.85868450232	2215002380.3710938	1.0605943150420298	8049
60238.85879980324	2215002365.1123047	1.0327900960338097	8049
60238.85891509259	2215002365.1123047	0.9979763161612274	8049
60238.859030381944	2215002365.1123047	1.043155454102705	8049
60238.85914568287	2215002365.1123047	1.0356800367716488	8049
60238.859260972225	2215002365.1123047	1.058552157087431	8049
60238.85937627315	2215002349.8535156	1.0128572505032962	8049
60238.8594915625	2215002349.8535156	0.9504876896702302	8049
60238.85960686343	2215002349.8535156	0.9642005716396278	8049
60238.859722152774	2215002349.8535156	0.9746130193297657	8049
60238.8598374537	2215002349.8535156	0.9870156590185932	8049
60238.859952743056	2215002349.8535156	0.9755447322631554	8049
60238.860068043985	2215002334.5947266	1.0155736375508562	8049
60238.86018333333	2215002334.5947266	0.9771185144971759	8049
60238.86029863426	2215002334.5947266	0.9922808228818589	8049
60238.86041392361	2215002334.5947266	0.9893310563635853	8049
60238.860529224534	2215002334.5947266	0.9283692682183231	8049
60238.86064451389	2215002319.3359375	1.0447601928294117	8049
60238.860759814816	2215002319.3359375	1.0204415763558097	8049
60238.86087510417	2215002319.3359375	1.0134803356475113	8049
60238.86099040509	2215002319.3359375	1.0410986238154134	8049
60238.86110569444	2215002319.3359375	1.0513395480739303	8049
60238.861220983796	2215002304.0771484	1.0648735271166696	8049
60238.861336284725	2215002304.0771484	1.0386825504002304	8049
60238.86145157408	2215002304.0771484	1.044399103899289	8049
60238.861566875	2215002304.0771484	0.9238486744827465	8049
60238.86168216435	2215002304.0771484	0.922060236962283	8049
60238.86179746528	2215002304.0771484	0.9022256435711968	8049
60238.861912754626	2215002288.8183594	0.9616664349695871	8049
60238.862028055555	2215002288.8183594	0.9268002409986353	8049
60238.86214334491	2215002288.8183594	0.9993620580666653	8049
60238.86225864584	2215002288.8183594	1.0722056577049663	8049
60238.86237393518	2215002288.8183594	1.0725657748344508	8049
60238.86248923611	2215002288.8183594	1.0796159173506856	8049
60238.862604525464	2215002273.5595703	1.0683445365482016	8049
60238.862719826386	2215002273.5595703	1.0665187150332514	8049
60238.86283511574	2215002273.5595703	1.0119270466463117	8049
60238.86295041667	2215002273.5595703	1.04483322767075	8049
60238.86306570602	2215002273.5595703	1.0434093998460332	8049
60238.86318099537	2215002258.3007812	1.0191734495627696	8049
60238.863296296295	2215002258.3007812	1.0271185969454848	8049
60238.86341158565	2215002258.3007812	1.0033246092128425	8049
60238.86352688658	2215002258.3007812	0.9631153166813302	8049
60238.86364217593	2215002258.3007812	0.9724318146543001	8049
60238.86375747685	2215002258.3007812	0.9671545670381307	8049
60238.863872766204	2215002243.041992	0.947697682225024	8049
60238.86398806713	2215002243.041992	1.0184518411653185	8049
60238.86410335648	2215002243.041992	0.9399013119491835	8049
60238.86421865741	2215002243.041992	0.9892372163228518	8049
60238.86433394676	2215002243.041992	0.9831816814297173	8049
60238.86444924769	2215002227.783203	0.9882372087069059	8049
60238.864564537034	2215002227.783203	0.9904180345658173	8049
60238.86467983796	2215002227.783203	0.9918730912349911	8049
60238.864795127316	2215002227.783203	1.0121878977450027	8049
60238.86491042824	2215002227.783203	1.0093070114655935	8049
60238.86502571759	2215002227.783203	1.044237984305328	8049
60238.86514101852	2215002212.524414	1.0309530189629328	8049
60238.86525630787	2215002212.524414	0.9996399286751316	8049
60238.865371597225	2215002212.524414	1.0472459338276707	8049
60238.86548689815	2215002212.524414	1.034130147215739	8049
60238.8656021875	2215002212.524414	1.0181073384580628	8049
60238.86571748843	2215002197.265625	1.0418278085439543	8049
60238.86583277778	2215002197.265625	1.036334709769474	8049
60238.8659480787	2215002197.265625	1.0365401125234714	8049
60238.866063368056	2215002197.265625	1.0271959262790697	8049
60238.866178668985	2215002197.265625	1.0424748594060735	8049
60238.86629395833	2215002197.265625	1.0539410658101311	8049
60238.86640925926	2215002182.006836	1.062716658309924	8049
60238.86652454861	2215002182.006836	0.9777172080643538	8049
60238.86663984954	2215002182.006836	0.9518558178438463	8049
60238.866755138886	2215002182.006836	0.9360330192750975	8049
60238.866870439815	2215002182.006836	0.9925745852161754	8049
60238.86698572917	2215002182.006836	0.9517678705050718	8049
60238.86710103009	2215002166.748047	0.9472634631304435	8049
60238.86721631944	2215002166.748047	0.9948534837099374	8049
60238.867331608795	2215002166.748047	0.9648651966187656	8049
60238.867446909724	2215002166.748047	1.0068282686698922	8049
60238.86756219908	2215002166.748047	0.9583667026151198	8049
60238.8676775	2215002151.489258	0.9955518753568551	8049
60238.86779278935	2215002151.489258	1.0130015845624123	8049
60238.86790809028	2215002151.489258	0.9954172469244948	8049
60238.86802337963	2215002151.489258	0.9745245050041222	8049
60238.868138680555	2215002151.489258	0.9969364350080137	8049
60238.86825396991	2215002151.489258	1.0167543431392252	8049
60238.86836927084	2215002136.2304688	1.0468927591924269	8049
60238.86848456018	2215002136.2304688	1.0257097311367085	8049
60238.86859986111	2215002136.2304688	0.9316536052699413	8049
60238.868715150464	2215002136.2304688	0.8741199534355721	8049
60238.868830451385	2215002136.2304688	0.8386894577363333	8049
60238.86894574074	2215002136.2304688	0.8881189520822907	8049
60238.86906104167	2215002120.9716797	0.8874918683188893	8049
60238.86917633102	2215002120.9716797	0.8892249144409388	8049
60238.86929162037	2215002120.9716797	0.9549838967806199	8049
60238.869406921294	2215002120.9716797	0.95870962444414	8049
60238.86952221065	2215002120.9716797	1.039993536696321	8049
60238.869637511576	2215002105.7128906	1.0089796817754753	8049
60238.86975280093	2215002105.7128906	1.0287943724418989	8049
60238.86986810185	2215002105.7128906	0.9878047673266137	8049
60238.8699833912	2215002105.7128906	0.9757472208532006	8049
60238.87009869213	2215002105.7128906	0.9647111891199212	8049
60238.870213981485	2215002105.7128906	0.9966889006729723	8049
60238.87032928241	2215002090.4541016	0.9834756678352639	8049
60238.87044457176	2215002090.4541016	0.9767273864046513	8049
60238.87055987269	2215002090.4541016	0.9566993873550895	8049
60238.870675162034	2215002090.4541016	0.9873678989920767	8049
60238.87079046296	2215002090.4541016	1.0213382636134587	8049
60238.870905752316	2215002090.4541016	1.0186981400136885	8049
60238.87102105324	2215002075.1953125	0.9671136300909925	8049
60238.87113634259	2215002075.1953125	1.0565481098113627	8049
60238.87125164352	2215002075.1953125	1.029716690477144	8049
60238.87136693287	2215002075.1953125	1.0486995272250557	8049
60238.871482222225	2215002075.1953125	1.0107002665660292	8049
60238.871597523146	2215002075.1953125	1.0179368759603866	8049
60238.8717128125	2215002059.9365234	1.05665300857197	8049
60238.87182811343	2215002059.9365234	0.9911389546560645	8049
60238.87194340278	2215002059.9365234	1.0683504998140283	8049
60238.8720587037	2215002059.9365234	1.0329986370229887	8049
60238.872173993055	2215002059.9365234	1.0542040226831986	8049
60238.872289293984	2215002044.6777344	1.0455280824585296	8049
60238.87240458334	2215002044.6777344	1.0622384457385545	8049
60238.87251988426	2215002044.6777344	1.0485369629287447	8049
60238.87263517361	2215002044.6777344	1.0344619818517458	8049
60238.87275047454	2215002044.6777344	1.0726182520689127	8049
60238.872865763886	2215002044.6777344	0.9498463272462415	8049
60238.872981064815	2215002029.4189453	0.9244296453773942	8049
60238.87309635417	2215002029.4189453	0.9476091233327268	8049
60238.87321165509	2215002029.4189453	0.9691832448180173	8049
60238.87332694444	2215002029.4189453	0.9482104290009832	8049
60238.873442233795	2215002029.4189453	0.9781902323344818	8049
60238.873557534724	2215002029.4189453	0.9783155896649575	8049
60238.87367282408	2215002014.1601562	0.9692494337261973	8049
60238.873788125	2215002014.1601562	0.952198765670081	8049
60238.87390341435	2215002014.1601562	1.0048192645915879	8049
60238.87401871528	2215002014.1601562	0.9831642880552377	8049
60238.87413400463	2215002014.1601562	0.9816043524328579	8049
60238.874249305554	2215002014.1601562	1.0110877340031563	8049
60238.87436459491	2215001998.901367	0.9832114866171886	8049
60238.874479895836	2215001998.901367	0.9370425988178388	8049
60238.87459518519	2215001998.901367	0.9699280266373105	8049
60238.87471048611	2215001998.901367	0.9908263691004695	8049
60238.87482577546	2215001998.901367	0.98391528692269	8049
60238.87494107639	2215001983.642578	0.9988446726448574	8049
60238.87505636574	2215001983.642578	1.0164389139835461	8049
60238.87517166667	2215001983.642578	0.9838437846790462	8049
60238.87528695602	2215001983.642578	1.0036379264043318	8049
60238.87540225694	2215001983.642578	1.0099442489982111	8049
60238.875517546294	2215001983.642578	1.0665237795382332	8049
60238.87563283565	2215001983.642578	0.9859753581960592	8049
60238.875748136576	2215001968.383789	0.8741876588479327	8049
60238.87586342593	2215001968.383789	0.882629366645659	8049
60238.87597872685	2215001968.383789	0.8737511061938577	8049
60238.8760940162	2215001968.383789	0.9330735533198808	8049
60238.87620931713	2215001968.383789	0.9346754670159425	8049
60238.876324606485	2215001953.125	0.9653748002076925	8049
60238.876439907406	2215001953.125	1.0331480987231794	8049
60238.87655519676	2215001953.125	1.0259747182684338	8049
60238.87667049769	2215001953.125	1.0616498861331907	8049
60238.87678578703	2215001953.125	1.0270452773727494	8049
60238.87690108796	2215001953.125	1.0409600425684828	8049
60238.877016377315	2215001937.866211	1.0583680113891767	8049
60238.877131678244	2215001937.866211	0.9724338152018559	8049
60238.87724696759	2215001937.866211	0.9682303614862666	8049
60238.87736226852	2215001937.866211	0.9607711094707942	8049
60238.87747755787	2215001937.866211	0.9828318554832969	8049
60238.877592847224	2215001937.866211	0.9576460573525689	8049
60238.877708148146	2215001922.607422	0.9848315921736044	8049
60238.8778234375	2215001922.607422	0.9913080863439495	8049
60238.87793873843	2215001922.607422	1.0399710094909542	8049
60238.87805402778	2215001922.607422	0.9880914163278512	8049
60238.8781693287	2215001922.607422	1.0115407973643795	8049
60238.878284618055	2215001922.607422	1.0422619620265174	8049
60238.87839991898	2215001907.348633	1.0221134720774467	8049
60238.87851520834	2215001907.348633	1.0255458174611674	8049
60238.87863050926	2215001907.348633	1.0514907713948956	8049
60238.87874579861	2215001907.348633	1.03117517630271	8049
60238.87886109954	2215001907.348633	1.0667145087215752	8049
60238.878976388885	2215001907.348633	1.064901846749025	8049
60238.879091689814	2215001892.0898438	1.0637032550770629	8049
60238.87920697917	2215001892.0898438	1.0239165088908098	8049
60238.879322280096	2215001892.0898438	1.0525827373484282	8049
60238.87943756944	2215001892.0898438	1.110641411595863	8049
60238.87955287037	2215001892.0898438	1.0623206835938344	8049
60238.87966815972	2215001892.0898438	1.0550619679013928	8049
60238.879783449076	2215001876.8310547	1.091868934404185	8049
60238.87989875	2215001876.8310547	1.148368918419612	8049
60238.88001403935	2215001876.8310547	1.1892877417854844	8049
60238.88012934028	2215001876.8310547	1.2088603934328324	8049
60238.88024462963	2215001876.8310547	1.0757190066952584	8049
60238.880359930554	2214993179.321289	0.8176143899227231	8049
60238.88047521991	2214993148.803711	1.009903418515856	8049
60238.880590520836	2214993087.7685547	1.0155031739578306	8049
60238.88070581019	2214993041.9921875	0.9813036748394779	8049
60238.88082111111	2214992996.2158203	1.0154473987910118	8049
60238.88093640046	2214992965.698242	1.0275823884905686	8049
60238.88105170139	2214992935.180664	0.9884692672715294	8049
60238.88116699074	2214992904.663086	1.0792500276016141	8049
60238.881282291666	2214992874.145508	1.0254172179066516	8049
60238.88139758102	2214992858.8867188	1.0648294519343493	8049
60238.88151288195	2214992843.6279297	1.0857550060533399	8049
60238.88162817129	2214992813.1103516	1.1100131988105735	8049
60238.881743460646	2214992797.8515625	1.0992645006718473	8049
60238.881858761575	2214992782.5927734	1.0399833222669381	8049
60238.88197405093	2214992767.3339844	1.0591934798966165	8049
60238.88208935185	2214992752.0751953	1.0609845010450187	8049
60238.8822046412	2214992736.8164062	1.046395158888835	8049
60238.88231994213	2214992736.8164062	1.0873142261333388	8049
60238.882435231484	2214992721.557617	1.1296358270079387	8049
60238.882550532406	2214992706.298828	1.1415896817342759	8049
60238.88266582176	2214992706.298828	1.107549980065831	8049
60238.88278112269	2214992691.040039	0.9580769240444384	8049
60238.88289641204	2214992675.78125	0.9402717004543304	8049
60238.88301171296	2214992675.78125	0.8910532774930993	8049
60238.883127002315	2214992660.522461	0.9791594852456449	8049
60238.88324230324	2214992660.522461	0.9172942691363962	8049
60238.88335759259	2214992645.263672	0.9719608293085684	8049
60238.88347289352	2214992645.263672	1.0800000274332513	8049
60238.88358818287	2214992645.263672	1.1065871979851594	8049
60238.883703472224	2214992630.004883	1.0944040923933676	8049
60238.883818773145	2214992630.004883	1.149809599867116	8049
60238.8839340625	2214992630.004883	1.1363751072125128	8049
60238.88404936343	2214992614.7460938	1.1604393273244016	8049
60238.88416465278	2214992614.7460938	1.0866071427510318	8049
60238.8842799537	2214992614.7460938	1.0675796539302302	8049
60238.884395243054	2214992614.7460938	1.0487621198518928	8049
60238.88451054398	2214992599.4873047	1.0453432546428847	8049
60238.884625833336	2214992599.4873047	1.1383108882791642	8049
60238.88474113426	2214992599.4873047	1.034060421448421	8049
60238.88485642361	2214992599.4873047	1.09349721670355	8049
60238.88497172454	2214992599.4873047	1.0715175411475988	8049
60238.88508701389	2214992584.2285156	1.0782460250803696	8049
60238.885202314814	2214992584.2285156	1.122726454456505	8049
60238.88531760417	2214992584.2285156	1.091957607189041	8049
60238.885432905096	2214992584.2285156	1.1100451815742518	8049
60238.88554819444	2214992584.2285156	1.1455833589740148	8049
60238.88566349537	2214992568.9697266	1.1286515105679025	8049
60238.88577878472	2214992568.9697266	1.0834339685507586	8049
60238.885894074076	2214992568.9697266	1.1044692470085575	8049
60238.886009375	2214992568.9697266	1.0676673722459245	8049
60238.88612466435	2214992568.9697266	1.1410276615710542	8049
60238.88623996528	2214992568.9697266	1.115631028506456	8049
60238.88635525463	2214992568.9697266	1.115362281682325	8049
60238.88647055555	2214992553.7109375	1.095420168763815	8049
60238.886585844906	2214992553.7109375	1.102766613913614	8049
60238.886701145835	2214992553.7109375	1.088693253329654	8049
60238.88681643519	2214992553.7109375	1.0860344463983787	8049
60238.88693173611	2214992553.7109375	1.0738586509757186	8049
60238.88704702546	2214992553.7109375	1.1216964435790724	8049
60238.88716232639	2214992553.7109375	1.0643360049952684	8049
60238.887277615744	2214992553.7109375	1.0881898407916717	8049
60238.887392916666	2214992538.4521484	1.0837665162532208	8049
60238.88750820602	2214992538.4521484	1.037711188000803	8049
60238.88762350695	2214992538.4521484	1.0480153783378097	8049
60238.88773879629	2214992538.4521484	1.0247310412366728	8049
60238.887854085646	2214992538.4521484	1.032503297239098	8049
60238.887969386575	2214992538.4521484	1.0280193793834027	8049
60238.88808467593	2214992538.4521484	1.050158840009636	8049
60238.88819997685	2214992538.4521484	1.0353212294065912	8049
60238.8883152662	2214992538.4521484	1.0453368729457002	8049
60238.88843056713	2214992538.4521484	1.0076844448395361	8049
60238.888545856484	2214992523.1933594	1.0670336604307817	8049
60238.888661157405	2214992523.1933594	1.0581448438719208	8049
60238.88877644676	2214992523.1933594	1.0651102763215705	8049
60238.88889174769	2214992523.1933594	1.0098217711687347	8049
60238.88900703704	2214992523.1933594	1.04149985615865	8049
60238.88912233796	2214992523.1933594	1.0500324687877938	8049
60238.889237627314	2214992523.1933594	1.2689356505655864	8049
60238.88935292824	2214992523.1933594	1.47530812418599	8049
60238.889468217596	2214992523.1933594	1.4822570855432948	8049
60238.88958351852	2214992523.1933594	1.4588526710221559	8049
60238.88969880787	2214992523.1933594	1.4619273615839963	8049
60238.8898141088	2214992507.9345703	1.2225732803540803	8049
60238.889929398145	2214992507.9345703	1.181230578595195	8049
60238.8900446875	2214992507.9345703	1.1810165101030228	8049
60238.89015998843	2214992507.9345703	1.201149584941843	8049
60238.89027527778	2214992507.9345703	1.2718593839684202	8049
60238.8903905787	2214992507.9345703	1.2624754442691226	8049
60238.890505868054	2214992507.9345703	1.3600039438022027	8049
60238.89062116898	2214992507.9345703	1.487927199351474	8049
60238.890736458336	2214992507.9345703	1.4155626466713325	8049
60238.89085175926	2214992507.9345703	1.4605238190143846	8049
60238.89096704861	2214992492.6757812	1.4459743058288153	8049
60238.89108234954	2214992492.6757812	1.471053382917994	8049
60238.89119763889	2214992492.6757812	1.4342971444085153	8049
60238.89131293981	2214992492.6757812	1.3613035371285187	8049
60238.891428229166	2214992492.6757812	1.4364522379768974	8049
60238.891543530095	2214992492.6757812	1.3866827025408817	8049
60238.89165881945	2214992492.6757812	1.419668727200938	8049
60238.89177412037	2214992492.6757812	1.4880498183086863	8049
60238.89188940972	2214992492.6757812	1.3694470073571425	8049
60238.892004699075	2214992492.6757812	1.4094158330820765	8049
60238.89212	2214992477.416992	1.3648363221315745	8049
60238.89223528935	2214992477.416992	1.443788154254814	8049
60238.89235059028	2214992477.416992	1.479866552534438	8049
60238.89246587963	2214992477.416992	1.4582100124513289	8049
60238.89258118055	2214992477.416992	1.3962548397900116	8049
60238.892696469906	2214992477.416992	1.4680082487131427	8049
60238.892811770835	2214992477.416992	1.4840428577302882	8049
60238.89292706019	2214992477.416992	1.4423073801506625	8049
60238.89304236111	2214992477.416992	1.4813380555367055	8049
60238.89315765046	2214992477.416992	1.3810537955556867	8049
60238.89327295139	2214992462.158203	1.504068521982393	8049
60238.893388240744	2214992462.158203	1.5190246959771843	8049
60238.893503541665	2214992462.158203	1.4567948590305253	8049
60238.89361883102	2214992462.158203	1.523789563254323	8049
60238.89373413195	2214992462.158203	1.4692101420313497	8049
60238.8938494213	2214992462.158203	1.5172214066194514	8049
60238.89396472222	2214992462.158203	1.4874771764263874	8049
60238.894080011574	2214992462.158203	1.2788370301570462	8049
60238.89419530093	2214992462.158203	1.2852941712581214	8049
60238.89431060185	2214992462.158203	1.3061451108955011	8049
60238.8944258912	2214992462.158203	1.3320319858140184	8049
60238.89454119213	2214992446.899414	1.3159361657362934	8049
60238.89465648148	2214992446.899414	1.3764983754563478	8049
60238.894771782405	2214992446.899414	1.3898090928966738	8049
60238.89488707176	2214992446.899414	1.3297691969275234	8049
60238.89500237269	2214992446.899414	1.4198921113616483	8049
60238.89511766204	2214992446.899414	1.4386078972941863	8049
60238.89523296296	2214992446.899414	1.4110404658677074	8049
60238.895348252314	2214992446.899414	1.3928423042837588	8049
60238.89546355324	2214992446.899414	1.4492547086353023	8049
60238.895578842596	2214992446.899414	1.4009578237928806	8049
60238.89569414352	2214992431.640625	1.4043414652521329	8049
60238.89580943287	2214992431.640625	1.4918423142468817	8049
60238.8959247338	2214992431.640625	1.44472290267249	8049
60238.89604002315	2214992431.640625	1.4490161829540753	8049
60238.8961553125	2214992431.640625	1.3146183892153611	8049
60238.896270613426	2214992431.640625	1.1389041793775716	8049
60238.89638590278	2214992431.640625	1.126927645176468	8049
60238.8965012037	2214992431.640625	1.1888488456682145	8049
60238.89661649305	2214992431.640625	1.1837667244785297	8049
60238.89673179398	2214992431.640625	1.1742885225932533	8049
60238.896847083335	2214992416.381836	1.2901027608982403	8049
60238.89696238426	2214992416.381836	1.4559729570933255	8049
60238.89707767361	2214992416.381836	1.4627810184997565	8049
60238.89719297454	2214992416.381836	1.486379868664251	8049
60238.89730826389	2214992416.381836	1.511062210928306	8049
60238.89742356481	2214992416.381836	1.444982986234371	8049
60238.897538854166	2214992416.381836	1.4134581251129765	8049
60238.897654155095	2214992416.381836	1.3267218467696247	8049
60238.89776944445	2214992416.381836	1.2780429749504905	8049
60238.89788474537	2214992416.381836	1.3070146149704578	8049
60238.89800003472	2214992416.381836	1.31897774575053	8049
60238.898115324075	2214992401.123047	1.3679723277428528	8049
60238.898230625	2214992401.123047	1.3507207061703106	8049
60238.89834591435	2214992401.123047	1.5582573065839922	8049
60238.89846121528	2214992401.123047	1.5531708475733694	8049
60238.89857650463	2214992401.123047	1.559192193653479	8049
60238.89869180555	2214992401.123047	1.5197071340001218	8049
60238.898807094905	2214992401.123047	1.45969340856026	8049
60238.898922395834	2214992401.123047	1.4879244745957994	8049
60238.89903768519	2214992401.123047	1.2908717164131538	8049
60238.89915298611	2214992401.123047	1.2833122971301176	8049
60238.89926827546	2214992401.123047	1.2900717152722474	8049
60238.89938357639	2214992385.864258	1.279981132905327	8049
60238.89949886574	2214992385.864258	1.3690580184639844	8049
60238.899614166665	2214992385.864258	1.3218832340606175	8049
60238.89972945602	2214992385.864258	1.3437399279363156	8049
60238.89984475695	2214992385.864258	1.3098346813854675	8049
60238.8999600463	2214992385.864258	1.3013219405319214	8049
60238.90007534722	2214992385.864258	1.3727959512007426	8049
60238.900190636574	2214992385.864258	1.2737328893266588	8049
60238.90030592593	2214992385.864258	1.3375614460258807	8049
60238.90042122685	2214992385.864258	1.306044517768804	8049
60238.9005365162	2214992370.6054688	1.3896244953420718	8049
60238.90065181713	2214992370.6054688	1.3416790730326231	8049
60238.90076710648	2214992370.6054688	1.307091161911682	8049
60238.900882407404	2214992370.6054688	1.3476933478703814	8049
60238.90099769676	2214992370.6054688	1.332713460702056	8049
60238.901112997686	2214992370.6054688	1.2674872541351814	8049
60238.90122828704	2214992370.6054688	1.1813148405193201	8049
60238.90134358796	2214992370.6054688	1.1898178373692696	8049
60238.90145887731	2214992370.6054688	1.2739106929425317	8049
60238.90157417824	2214992370.6054688	1.25754922713698	8049
60238.901689467595	2214992370.6054688	1.1712466813689084	8049
60238.90180476852	2214992355.3466797	1.2191912296767642	8049
60238.90192005787	2214992355.3466797	1.2361809652138849	8049
60238.9020353588	2214992355.3466797	1.2528869758174208	8049
60238.90215064815	2214992355.3466797	1.2323113887725865	8049
60238.9022659375	2214992355.3466797	1.2800933505008043	8049
60238.902381238426	2214992355.3466797	1.274540409852376	8049
60238.90249652778	2214992355.3466797	1.31275589677238	8049
60238.9026118287	2214992355.3466797	1.3092815510316507	8049
60238.90272711805	2214992355.3466797	1.397152779865808	8049
60238.90284241898	2214992355.3466797	1.31776175203835	8049
60238.902957708335	2214992340.0878906	1.2878855327491814	8049
60238.903073009256	2214992340.0878906	1.3370522608683113	8049
60238.90318829861	2214992340.0878906	1.3612762660504822	8049
60238.90330359954	2214992340.0878906	1.3819050520619722	8049
60238.90341888889	2214992340.0878906	1.385257475818431	8049
60238.90353418981	2214992340.0878906	1.3978960513707337	8049
60238.903649479165	2214992340.0878906	1.4122247578337184	8049
60238.903764780094	2214992340.0878906	1.391958514120439	8049
60238.90388006945	2214992340.0878906	1.4198261514765487	8049
60238.90399537037	2214992340.0878906	1.2096040239469108	8049
60238.90411065972	2214992340.0878906	1.247811482679477	8049
60238.90422596065	2214992324.8291016	1.1819737770603271	8049
60238.90434125	2214992324.8291016	1.2791437935745504	8049
60238.90445653935	2214992324.8291016	1.293994066059031	8049
60238.90457184028	2214992324.8291016	1.2304922361621433	8049
60238.90468712963	2214992324.8291016	1.466117461397058	8049
60238.90480243055	2214992324.8291016	1.4565937037261962	8049
60238.904917719905	2214992324.8291016	1.4953846934600596	8049
60238.905033020834	2214992324.8291016	1.496534129351206	8049
60238.90514831019	2214992324.8291016	1.4846502925513594	8049
60238.90526361111	2214992324.8291016	1.5045994507150056	8049
60238.90537890046	2214992309.5703125	1.3710079977236542	8049
60238.90549420139	2214992309.5703125	1.2232743856150092	8049
60238.90560949074	2214992309.5703125	1.338701612053105	8049
60238.905724791664	2214992309.5703125	1.353146762515871	8049
60238.90584008102	2214992309.5703125	1.3436072913857728	8049
60238.905955381946	2214992309.5703125	1.339611450187416	8049
60238.9060706713	2214992309.5703125	1.29481596304438	8049
60238.90618597222	2214992309.5703125	1.290285574548741	8049
60238.90630126157	2214992309.5703125	1.2780343834900711	8049
60238.906416550926	2214992309.5703125	1.3936092914381437	8049
60238.906531851855	2214992309.5703125	1.3793066143767112	8049
60238.9066471412	2214992294.3115234	1.3925195550552472	8049
60238.90676244213	2214992294.3115234	1.4248443801786699	8049
60238.90687773148	2214992294.3115234	1.4037420623323875	8049
60238.906993032404	2214992294.3115234	1.4160040298554586	8049
60238.90710832176	2214992294.3115234	1.3954652078238128	8049
60238.907223622686	2214992294.3115234	1.483219439288908	8049
60238.90733891204	2214992294.3115234	1.3601450542067177	8049
60238.90745421296	2214992294.3115234	1.383049351646306	8049
60238.90756950231	2214992294.3115234	1.4125089507171646	8049
60238.90768480324	2214992294.3115234	1.4512942656304861	8049
60238.907800092595	2214992294.3115234	1.4408025610990003	8049
60238.907915393516	2214992279.0527344	1.3850269820385295	8049
60238.90803068287	2214992279.0527344	1.4306248583523198	8049
60238.9081459838	2214992279.0527344	1.4315504879375105	8049
60238.90826127315	2214992279.0527344	1.4575764826166877	8049
60238.90837657407	2214992279.0527344	1.4685319390784544	8049
60238.908491863425	2214992279.0527344	1.433799747130789	8049
60238.90860715278	2214992279.0527344	1.459592710206742	8049
60238.90872245371	2214992279.0527344	1.4790591384735046	8049
60238.90883774305	2214992279.0527344	1.4543210854166857	8049
60238.90895304398	2214992279.0527344	1.2735582288978184	8049
60238.909068333334	2214992263.7939453	1.2528047614834303	8049
60238.909183634256	2214992263.7939453	1.2494821775773957	8049
60238.90929892361	2214992263.7939453	1.2457283035962834	8049
60238.90941422454	2214992263.7939453	1.2097957831151331	8049
60238.90952951389	2214992263.7939453	1.2742529017050965	8049
60238.90964481481	2214992263.7939453	1.233869736088955	8049
60238.909760104165	2214992263.7939453	1.2983801675381328	8049
60238.909875405094	2214992263.7939453	1.2705526376942222	8049
60238.90999069445	2214992263.7939453	1.349641861382337	8049
60238.91010599537	2214992263.7939453	1.3523670713893217	8049
60238.91022128472	2214992263.7939453	1.3318337657190054	8049
60238.91033658565	2214992248.5351562	1.352746716140802	8049
60238.910451875	2214992248.5351562	1.350854782471353	8049
60238.91056716435	2214992248.5351562	1.3568766583994534	8049
60238.91068246528	2214992248.5351562	1.3746371358315141	8049
60238.91079775463	2214992248.5351562	1.376353868082468	8049
60238.91091305556	2214992248.5351562	1.3830995089388622	8049
60238.911028344904	2214992248.5351562	1.1805748384736117	8049
60238.91114364583	2214992248.5351562	1.110355129031554	8049
60238.911258935186	2214992248.5351562	1.149941128441135	8049
60238.91137423611	2214992248.5351562	1.1536949974703967	8049
60238.91148952546	2214992233.276367	1.130332876703402	8049
60238.91160482639	2214992233.276367	1.149607327920525	8049
60238.91172011574	2214992233.276367	1.2272770541770859	8049
60238.911835416664	2214992233.276367	1.4045089690192039	8049
60238.91195070602	2214992233.276367	1.4373234244430229	8049
60238.912066006946	2214992233.276367	1.3926839119213978	8049
60238.9121812963	2214992233.276367	1.4527393022304047	8049
60238.91229659722	2214992233.276367	1.4526209059636086	8049
60238.91241188657	2214992233.276367	1.3977794303423008	8049
60238.912527175926	2214992233.276367	1.4264308193422761	8049
60238.912642476855	2214992233.276367	1.3702927561678369	8049
60238.9127577662	2214992218.017578	1.3843030338917715	8049
60238.91287306713	2214992218.017578	1.4781476365174644	8049
60238.91298835648	2214992218.017578	1.3701903023833573	8049
60238.91310365741	2214992218.017578	1.4111463190974765	8049
60238.91321894676	2214992218.017578	1.417770198904738	8049
60238.913334247685	2214992218.017578	1.4630758590994946	8049
60238.91344953704	2214992218.017578	1.497080829727297	8049
60238.91356483796	2214992218.017578	1.4515491992679659	8049
60238.91368012731	2214992218.017578	1.4354651782117474	8049
60238.91379542824	2214992218.017578	1.4451161551088298	8049
60238.913910717594	2214992218.017578	1.242349021003333	8049
60238.914026018516	2214992202.758789	1.2348330641111316	8049
60238.91414130787	2214992202.758789	1.220186369623781	8049
60238.9142566088	2214992202.758789	1.2233880800998642	8049
60238.91437189815	2214992202.758789	1.204495697564985	8049
60238.91448719907	2214992202.758789	1.1953124959766217	8049
60238.914602488425	2214992202.758789	1.2561416686167055	8049
60238.91471777778	2214992202.758789	1.269463294983431	8049
60238.91483307871	2214992202.758789	1.2662124955765122	8049
60238.91494836805	2214992202.758789	1.258511339479887	8049
60238.91506366898	2214992202.758789	1.2991057708408824	8049
60238.915178958334	2214992187.5	1.2661492938720773	8049
60238.91529425926	2214992187.5	1.2929328498584307	8049
60238.91540954861	2214992187.5	1.304536836547619	8049
60238.91552484954	2214992187.5	1.3408976611380643	8049
60238.91564013889	2214992187.5	1.298964321234616	8049
60238.91575543981	2214992187.5	1.3704842343185497	8049
60238.915870729164	2214992187.5	1.3993535245428959	8049
60238.91598603009	2214992187.5	1.3539212158226754	8049
60238.916101319446	2214992187.5	1.4359333657620112	8049
60238.91621662037	2214992187.5	1.3731598391642956	8049
60238.91633190972	2214992187.5	1.4142620518332762	8049
60238.91644721065	2214992172.241211	1.3758231510414594	8049
60238.9165625	2214992172.241211	1.4246290984831533	8049
60238.916677789355	2214992172.241211	1.29768600724737	8049
60238.91679309028	2214992172.241211	1.1662262812803932	8049
60238.91690837963	2214992172.241211	1.2138436633091934	8049
60238.91702368056	2214992172.241211	1.20889015405365	8049
60238.917138969904	2214992172.241211	1.219028617099912	8049
60238.91725427083	2214992172.241211	1.2412951409690787	8049
60238.917369560186	2214992172.241211	1.3333182512350215	8049
60238.917484861115	2214992172.241211	1.4058631230710315	8049
60238.91760015046	2214992172.241211	1.4170251236883094	8049
60238.91771545139	2214992156.982422	1.3971582454706712	8049
60238.91783074074	2214992156.982422	1.4001985417176956	8049
60238.91794604166	2214992156.982422	1.460011113091191	8049
60238.918061331016	2214992156.982422	1.3930307766612873	8049
60238.918176631945	2214992156.982422	1.4210013035647104	8049
60238.9182919213	2214992156.982422	1.4159564128621502	8049
60238.91840722222	2214992156.982422	1.4958552145698176	8049
60238.91852251157	2214992156.982422	1.468815381756567	8049
60238.9186378125	2214992156.982422	1.4950970677063335	8049
60238.918753101854	2214992156.982422	1.49822948693997	8049
60238.91886839121	2214992156.982422	1.4754878701651768	8049
60238.91898369213	2214992141.723633	1.497764747115537	8049
60238.91909898148	2214992141.723633	1.5215666986615624	8049
60238.91921428241	2214992141.723633	1.4671444565976057	8049
60238.919329571756	2214992141.723633	1.4973116726126505	8049
60238.919444872685	2214992141.723633	1.4520463254318836	8049
60238.91956016204	2214992141.723633	1.161356755407391	8049
60238.91967546297	2214992141.723633	1.2286836210893206	8049
60238.91979075231	2214992141.723633	1.219559149684494	8049
60238.91990605324	2214992141.723633	1.285443230620468	8049
60238.920021342594	2214992141.723633	1.2171619972896344	8049
60238.920136643515	2214992141.723633	1.261284135531115	8049
60238.92025193287	2214992126.4648438	1.4994156767026414	8049
60238.9203672338	2214992126.4648438	1.452797557036304	8049
60238.92048252315	2214992126.4648438	1.477556615842459	8049
60238.92059782407	2214992126.4648438	1.490016242663487	8049
60238.920713113424	2214992126.4648438	1.486829313460805	8049
60238.92082840278	2214992126.4648438	1.4969985349257375	8049
60238.920943703706	2214992126.4648438	1.3052176082729021	8049
60238.92105899306	2214992126.4648438	1.3039808415483543	8049
60238.92117429398	2214992126.4648438	1.343491950410665	8049
60238.92128958333	2214992126.4648438	1.3974512415061406	8049
60238.92140488426	2214992111.2060547	1.3644879025106635	8049
60238.92152017361	2214992111.2060547	1.378659318397998	8049
60238.92163547454	2214992111.2060547	1.314615030622837	8049
60238.92175076389	2214992111.2060547	1.3444651078558572	8049
60238.92186606481	2214992111.2060547	1.3377266645139982	8049
60238.921981354164	2214992111.2060547	1.38428305069954	8049
60238.92209665509	2214992111.2060547	1.38543124862809	8049
60238.922211944446	2214992111.2060547	1.3647994457017523	8049
60238.92232724537	2214992111.2060547	1.3626999576993133	8049
60238.92244253472	2214992111.2060547	1.2936171052104597	8049
60238.92255783565	2214992111.2060547	1.3044729514878308	8049
60238.922673125	2214992095.9472656	1.3842786014619683	8049
60238.92278842592	2214992095.9472656	1.2810136778921946	8049
60238.922903715276	2214992095.9472656	1.317192972599352	8049
60238.92301900463	2214992095.9472656	1.320489352551108	8049
60238.92313430556	2214992095.9472656	1.3179200676470302	8049
60238.92324959491	2214992095.9472656	1.3068164939124527	8049
60238.92336489583	2214992095.9472656	1.3492182825762726	8049
60238.923480185185	2214992095.9472656	1.3172453557486568	8049
60238.923595486114	2214992095.9472656	1.3522680133362444	8049
60238.92371077546	2214992095.9472656	1.3418801033027297	8049
60238.92382607639	2214992095.9472656	1.2903968797657845	8049
60238.92394136574	2214992080.6884766	1.2988730957708863	8049
60238.92405666666	2214992080.6884766	1.2709290092725976	8049
60238.924171956016	2214992080.6884766	1.3376272982082344	8049
60238.924287256945	2214992080.6884766	1.2717285078006895	8049
60238.9244025463	2214992080.6884766	1.2086745901026614	8049
60238.92451784722	2214992080.6884766	0.979961582257227	8049
60238.92463313657	2214992080.6884766	0.9442953673379673	8049
60238.9247484375	2214992080.6884766	1.074699596491539	8049
60238.924863726854	2214992080.6884766	0.9975425712063211	8049
60238.92497901621	2214992080.6884766	1.0328930598588788	8049
60238.92509431713	2214992080.6884766	1.0310165635830069	8049
60238.92520960648	2214992065.4296875	0.9880887027138399	8049
60238.92532490741	2214992065.4296875	1.0868155537541384	8049
60238.92544019676	2214992065.4296875	1.0626197505978765	8049
60238.925555497684	2214992065.4296875	1.0841849377071087	8049
60238.92567078704	2214992065.4296875	1.0194769744701213	8049
60238.925786087966	2214992065.4296875	1.0437918102059538	8049
60238.92590137731	2214992065.4296875	1.0532533602563459	8049
60238.92601667824	2214992065.4296875	1.0547178130616266	8049
60238.92613196759	2214992065.4296875	1.132594769304977	8049
60238.926247268515	2214992065.4296875	1.0861840182772402	8049
60238.92636255787	2214992065.4296875	1.135747410657626	8049
60238.9264778588	2214992050.1708984	1.1645604181504887	8049
60238.92659314815	2214992050.1708984	0.9667788825289964	8049
60238.92670844907	2214992050.1708984	0.9000646894878832	8049
60238.926823738424	2214992050.1708984	0.8830689783053096	8049
60238.92693902778	2214992050.1708984	0.8956607910584953	8049
60238.927054328706	2214992050.1708984	0.9151963632501554	8049
60238.92716961806	2214992050.1708984	0.9563979744119271	8049
60238.92728491898	2214992050.1708984	1.1368923762658367	8049
60238.92740020833	2214992050.1708984	1.2770537227535823	8049
60238.92751550926	2214992050.1708984	1.2754531014904713	8049
60238.927630798615	2214992050.1708984	1.3099063470401742	8049
60238.927746099536	2214992034.9121094	1.2841859632353234	8049
60238.92786138889	2214992034.9121094	1.3172770364494615	8049
60238.92797668982	2214992034.9121094	1.18213739114892	8049
60238.92809197916	2214992034.9121094	1.0247270822322894	8049
60238.92820728009	2214992034.9121094	1.0497687926584578	8049
60238.928322569445	2214992034.9121094	1.113128557681669	8049
60238.92843787037	2214992034.9121094	1.0586774636614402	8049
60238.92855315972	2214992034.9121094	0.8113278041665186	8049
60238.92866846065	2214992034.9121094	0.8751163462007364	8049
60238.92878375	2214992034.9121094	0.950071671101742	8049
60238.92889905092	2214992034.9121094	0.9510935819899062	8049
60238.929014340276	2214992019.6533203	0.9308178542451757	8049
60238.92912962963	2214992019.6533203	0.9673394592278306	8049
60238.92924493056	2214992019.6533203	0.9702471857742926	8049
60238.92936021991	2214992019.6533203	0.943322029150236	8049
60238.92947552083	2214992019.6533203	0.8360597949205029	8049
60238.929590810185	2214992019.6533203	0.7928958100175458	8049
60238.929706111114	2214992019.6533203	0.8071363859232918	8049
60238.92982140046	2214992019.6533203	0.8091850728926242	8049
60238.92993670139	2214992019.6533203	0.8526554535381942	8049
60238.93005199074	2214992019.6533203	0.8429649299259692	8049
60238.93016729167	2214992019.6533203	0.8633021967913673	8049
60238.930282581015	2214992004.3945312	0.8724135990250639	8049
60238.930397881944	2214992004.3945312	0.876354548961896	8049
60238.9305131713	2214992004.3945312	0.8638037845724824	8049
60238.93062847222	2214992004.3945312	0.8951621298209582	8049
60238.93074376157	2214992004.3945312	0.8760382445666615	8049
60238.9308590625	2214992004.3945312	0.8813879885104394	8049
60238.93097435185	2214992004.3945312	0.911864821446773	8049
60238.931089641206	2214992004.3945312	0.8909233756019321	8049
60238.93120494213	2214992004.3945312	0.9321774565703905	8049
60238.93132023148	2214991989.135742	0.9132531333625611	8049
60238.93143553241	2214991989.135742	0.9420887373866962	8049
60238.93155082176	2214991989.135742	0.7907151933743133	8049
60238.931666122684	2214991989.135742	0.8085619196604663	8049
60238.93178141204	2214991989.135742	0.7318595386147075	8049
60238.931896712966	2214991989.135742	0.7721589610130519	8049
60238.93201200231	2214991989.135742	0.7835908647115257	8049
60238.93212730324	2214991989.135742	0.794909222480656	8049
60238.93224259259	2214991989.135742	0.8191644206063687	8049
60238.93235789352	2214991989.135742	0.7968313599615324	8049
60238.93247318287	2214991973.876953	0.8254555880621426	8049
60238.932588483796	2214991973.876953	0.8809180368634759	8049
60238.93270377315	2214991973.876953	0.822384268472452	8049
60238.93281907407	2214991973.876953	0.8036325927662815	8049
60238.93293436342	2214991973.876953	0.8610482209605963	8049
60238.93304966435	2214991973.876953	0.806804738219637	8049
60238.933164953705	2214991973.876953	0.8776599656642656	8049
60238.93328024306	2214991973.876953	0.8820667287391016	8049
60238.93339554398	2214991973.876953	0.8585507168417463	8049
60238.93351083333	2214991973.876953	0.8298087745917309	8049
60238.93362613426	2214991958.618164	0.8702398555501667	8049
60238.933741423614	2214991958.618164	0.8805058782623633	8049
60238.933856724536	2214991958.618164	0.882005005162007	8049
60238.93397201389	2214991958.618164	0.8699831367706227	8049
60238.93408731482	2214991958.618164	0.8290302174389197	8049
60238.93420260416	2214991958.618164	0.8675733571572799	8049
60238.93431790509	2214991958.618164	0.7941275877528301	8049
60238.934433194445	2214991958.618164	0.5571263435707097	8049
60238.934548495374	2214991958.618164	0.6199479588254829	8049
60238.93466378472	2214991958.618164	0.6338821216571395	8049
60238.93477908565	2214991943.359375	0.6413494043359749	8049
60238.934894375	2214991943.359375	0.5776377992011992	8049
60238.93500967592	2214991943.359375	0.6291491826733251	8049
60238.935124965275	2214991943.359375	0.8669887875053643	8049
60238.93524025463	2214991943.359375	0.8128109341134915	8049
60238.93535555556	2214991943.359375	0.8798565421212912	8049
60238.93547084491	2214991943.359375	0.8419944217207331	8049
60238.93558614583	2214991943.359375	0.8678057833967943	8049
60238.935701435184	2214991943.359375	0.8570902713213902	8049
60238.93581673611	2214991943.359375	0.7001485213438023	8049
60238.935932025466	2214991943.359375	0.6641098480459345	8049
60238.93604732639	2214991928.100586	0.6722753762921012	8049
60238.93616261574	2214991928.100586	0.6885969982714872	8049
60238.93627791667	2214991928.100586	0.666568446714267	8049
60238.936393206015	2214991928.100586	0.720406674971514	8049
60238.936508506944	2214991928.100586	0.7066681572726699	8049
60238.9366237963	2214991928.100586	0.7280823154210645	8049
60238.936739097226	2214991928.100586	0.7372321118267262	8049
60238.93685438657	2214991928.100586	0.7332938259854014	8049
60238.9369696875	2214991928.100586	0.7443456677389998	8049
60238.93708497685	2214991928.100586	0.7280775257437788	8049
60238.937200277775	2214991912.841797	0.7316980562977058	8049
60238.93731556713	2214991912.841797	0.7519686935402399	8049
60238.93743085648	2214991912.841797	0.7493724222895225	8049
60238.93754615741	2214991912.841797	0.7450956329076843	8049
60238.93766144676	2214991912.841797	0.7507721432685992	8049
60238.93777674768	2214991912.841797	0.7783748331077864	8049
60238.93789203704	2214991912.841797	0.748923105003116	8049
60238.938007337965	2214991912.841797	0.7912260794924901	8049
60238.93812262732	2214991912.841797	0.7862097708703559	8049
60238.93823792824	2214991912.841797	0.7370835179383157	8049
60238.93835321759	2214991897.583008	0.8088980376470566	8049
60238.93846851852	2214991897.583008	0.7888298753769795	8049
60238.93858380787	2214991897.583008	0.7962369485069756	8049
60238.938699108796	2214991897.583008	0.7789829710916125	8049
60238.93881439815	2214991897.583008	0.7902463373242474	8049
60238.93892969908	2214991897.583008	0.7779546760303384	8049
60238.93904498842	2214991897.583008	0.7924571949177852	8049
60238.93916028935	2214991897.583008	0.7943522358733514	8049
60238.939275578705	2214991897.583008	0.7708825782474562	8049
60238.93939086806	2214991897.583008	0.7928599400513148	8049
60238.93950616898	2214991882.3242188	0.8470276471017473	8049
60238.93962145833	2214991882.3242188	0.8328017596222079	8049
60238.93973675926	2214991882.3242188	0.7633795828236394	8049
60238.939852048614	2214991882.3242188	0.8395878967110563	8049
60238.939967349535	2214991882.3242188	0.7629380461321513	8049
60238.94008263889	2214991882.3242188	0.6138734187305682	8049
60238.94019793982	2214991882.3242188	0.6485420697720473	8049
60238.94031322917	2214991882.3242188	0.6165778495353719	8049
60238.94042853009	2214991882.3242188	0.6693658187989592	8049
60238.940543819444	2214991882.3242188	0.6349930061550708	8049
60238.94065912037	2214991882.3242188	0.6601719014063612	8049
60238.94077440972	2214991867.0654297	0.6779666518329037	8049
60238.94088971065	2214991867.0654297	0.701459698286133	8049
60238.941005	2214991867.0654297	0.6768110236528502	8049
60238.94112030093	2214991867.0654297	0.6741871000316166	8049
60238.941235590275	2214991867.0654297	0.7028470421151707	8049
60238.94135087963	2214991867.0654297	0.7338099660168373	8049
60238.94146618056	2214991867.0654297	0.7221237662316209	8049
60238.94158146991	2214991867.0654297	0.7819180207105398	8049
60238.94169677083	2214991867.0654297	0.7627702502059079	8049
60238.941812060184	2214991867.0654297	0.7603477790000265	8049
60238.94192736111	2214991851.8066406	0.7547949794793339	8049
60238.942042650466	2214991851.8066406	0.7639322848423978	8049
60238.94215795139	2214991851.8066406	0.5999790105917703	8049
60238.94227324074	2214991851.8066406	0.5919960236443329	8049
60238.94238854167	2214991851.8066406	0.6223479721519026	8049
60238.94250383102	2214991851.8066406	0.6314472992984337	8049
60238.94261913194	2214991851.8066406	0.6131154253744461	8049
60238.942734421296	2214991851.8066406	0.6198067110071197	8049
60238.942849722225	2214991851.8066406	0.7880485909925683	8049
60238.94296501157	2214991851.8066406	0.8507774209507403	8049
60238.9430803125	2214991851.8066406	0.9097049518186939	8049
60238.94319560185	2214991836.5478516	0.9152677627429037	8049
60238.94331090278	2214991836.5478516	0.9198293974144764	8049
60238.94342619213	2214991836.5478516	0.9289117508558481	8049
60238.94354148148	2214991836.5478516	0.8313890511775321	8049
60238.94365678241	2214991836.5478516	0.7118438511031673	8049
60238.94377207176	2214991836.5478516	0.7303343228913071	8049
60238.94388737268	2214991836.5478516	0.7161704907628381	8049
60238.944002662036	2214991836.5478516	0.7503413830415129	8049
60238.944117962965	2214991836.5478516	0.7437051644610531	8049
60238.94423325232	2214991836.5478516	0.9009365271223344	8049
60238.94434855324	2214991836.5478516	1.0632805775077685	8049
60238.94446384259	2214991821.2890625	1.0932757810959663	8049
60238.94457914352	2214991821.2890625	1.173387305630464	8049
60238.944694432874	2214991821.2890625	1.1236843156358558	8049
60238.944809733795	2214991821.2890625	1.1374566668524602	8049
60238.94492502315	2214991821.2890625	1.0942763383673053	8049
60238.94504032408	2214991821.2890625	0.9569451117888148	8049
60238.94515561342	2214991821.2890625	0.9103406258045519	8049
60238.94527091435	2214991821.2890625	0.9472436941057413	8049
60238.945386203704	2214991821.2890625	0.9224357246353647	8049
60238.94550149306	2214991821.2890625	0.9698559177919945	8049
60238.94561679398	2214991821.2890625	0.986818801920399	8049
60238.94573208333	2214991806.0302734	1.0372728403009632	8049
60238.94584738426	2214991806.0302734	1.06550303728676	8049
60238.94596267361	2214991806.0302734	1.0376021655867869	8049
60238.946077974535	2214991806.0302734	1.057908336069726	8049
60238.94619326389	2214991806.0302734	1.024190192709775	8049
60238.94630856482	2214991806.0302734	1.0433814701718953	8049
60238.94642385417	2214991806.0302734	1.055489664171053	8049
60238.94653915509	2214991806.0302734	1.0395505751098846	8049
60238.946654444444	2214991806.0302734	1.0987462400104837	8049
60238.94676974537	2214991806.0302734	1.0728336080421852	8049
60238.946885034726	2214991806.0302734	1.0863868559727377	8049
60238.94700033565	2214991790.7714844	1.1061139694512032	8049
60238.947115625	2214991790.7714844	1.1268279768078306	8049
60238.94723092593	2214991790.7714844	1.129595090610741	8049
60238.947346215275	2214991790.7714844	1.147345779472552	8049
60238.9474615162	2214991790.7714844	1.1902718477718792	8049
60238.947576805556	2214991790.7714844	1.1732220128645903	8049
60238.94769209491	2214991790.7714844	1.170070566145847	8049
60238.94780739583	2214991790.7714844	0.8486016076023819	8049
60238.94792268518	2214991790.7714844	0.8430330463419117	8049
60238.94803798611	2214991790.7714844	0.7869557968420584	8049
60238.948153275465	2214991775.5126953	0.8194445715419377	8049
60238.94826857639	2214991775.5126953	0.8745038035459924	8049
60238.94838386574	2214991775.5126953	0.8553378176597167	8049
60238.94849916667	2214991775.5126953	0.8701497405388858	8049
60238.94861445602	2214991775.5126953	0.9219102726492784	8049
60238.94872975694	2214991775.5126953	0.9048341285608905	8049
60238.948845046296	2214991775.5126953	0.8772550776174819	8049
60238.948960347225	2214991775.5126953	0.8475854792375055	8049
60238.94907563658	2214991775.5126953	0.8851772558421832	8049
60238.9491909375	2214991775.5126953	0.8907418407667937	8049
60238.94930622685	2214991775.5126953	0.9056659131534972	8049
60238.94942152778	2214991775.5126953	0.8910113551277343	8049
60238.94953681713	2214991760.2539062	0.8983758324407127	8049
60238.94965210648	2214991760.2539062	0.9082973747289804	8049
60238.94976740741	2214991760.2539062	0.9637620592907628	8049
60238.94988269676	2214991760.2539062	0.992192275131225	8049
60238.94999799768	2214991760.2539062	1.0165149719295448	8049
60238.950113287035	2214991760.2539062	0.9881482425249144	8049
60238.950228587964	2214991760.2539062	0.997088740308288	8049
60238.95034387732	2214991760.2539062	1.0158534059559827	8049
60238.95045917824	2214991760.2539062	1.0003978502294233	8049
60238.95057446759	2214991760.2539062	0.9631563019090097	8049
60238.95068976852	2214991760.2539062	0.9545637991253764	8049
60238.95080505787	2214991744.995117	1.0243659078827476	8049
60238.950920358795	2214991744.995117	0.9805679895693431	8049
60238.95103564815	2214991744.995117	0.9919033854176881	8049
60238.95115094908	2214991744.995117	0.9730628153313567	8049
60238.95126623843	2214991744.995117	0.9718638039900744	8049
60238.95138153935	2214991744.995117	0.7113411751529299	8049
60238.951496828704	2214991744.995117	0.7615679656915206	8049
60238.95161212963	2214991744.995117	0.7131395077084266	8049
60238.95172741898	2214991744.995117	0.794726551195854	8049
60238.95184270833	2214991744.995117	0.760662526038315	8049
60238.95195800926	2214991744.995117	0.7888090503701826	8049
60238.95207329861	2214991729.736328	1.0435208808537657	8049
60238.952188599535	2214991729.736328	1.0569177097343356	8049
60238.95230388889	2214991729.736328	1.0788942507689927	8049
60238.952419189816	2214991729.736328	1.074651808659392	8049
60238.95253447917	2214991729.736328	1.056587089539636	8049
60238.95264978009	2214991729.736328	1.1012976016920908	8049
60238.95276506944	2214991729.736328	0.9186470874265824	8049
60238.95288037037	2214991729.736328	0.9168252793863698	8049
60238.952995659725	2214991729.736328	0.941236697250087	8049
60238.95311096065	2214991729.736328	0.9008696697143523	8049
60238.95322625	2214991729.736328	0.8930151436696199	8049
60238.95334155093	2214991714.477539	0.9760427621397683	8049
60238.953456840274	2214991714.477539	0.943208884320774	8049
60238.9535721412	2214991714.477539	0.9412060230128729	8049
60238.953687430556	2214991714.477539	0.9628879549467975	8049
60238.95380271991	2214991714.477539	0.9598359376699105	8049
60238.95391802083	2214991714.477539	0.8951448416732992	8049
60238.95403331018	2214991714.477539	0.9183666270003643	8049
60238.95414861111	2214991714.477539	0.9231447788541253	8049
60238.954263900465	2214991714.477539	0.9535368138285295	8049
60238.95437920139	2214991714.477539	0.9513162481323106	8049
60238.95449449074	2214991714.477539	0.9687356792486848	8049
60238.95460979167	2214991714.477539	0.9673879316532934	8049
60238.95472508102	2214991699.21875	1.011665462673764	8049
60238.95484038194	2214991699.21875	1.0456205681681825	8049
60238.954955671295	2214991699.21875	1.0124404483044844	8049
60238.955070972224	2214991699.21875	1.0590871562410609	8049
60238.95518626158	2214991699.21875	1.0221291929644585	8049
60238.9553015625	2214991699.21875	1.1017696789208324	8049
60238.95541685185	2214991699.21875	1.0309814326804458	8049
60238.95553215278	2214991699.21875	1.1005673721231186	8049
60238.955647442126	2214991699.21875	1.0514236738221698	8049
60238.95576273148	2214991699.21875	1.0217365904584816	8049
60238.95587803241	2214991699.21875	1.0503458689227774	8049
60238.95599332176	2214991699.21875	1.0487197641996193	8049
60238.95610862268	2214991683.959961	1.1231209597109926	8049
60238.956223912035	2214991683.959961	1.034438996600218	8049
60238.956339212964	2214991683.959961	1.105464807862857	8049
60238.95645450232	2214991683.959961	1.0410030766242593	8049
60238.95656980324	2214991683.959961	1.1046596456558864	8049
60238.95668509259	2214991683.959961	1.0497442079592556	8049
60238.95680039352	2214991683.959961	1.135915707958721	8049
60238.95691568287	2214991683.959961	1.0992826120646328	8049
60238.957030983795	2214991683.959961	0.7919276502273553	8049
60238.95714627315	2214991683.959961	0.8138418437517692	8049
60238.957261574076	2214991683.959961	0.8068206448010384	8049
60238.95737686343	2214991683.959961	0.8383870036666273	8049
60238.95749216435	2214991668.701172	0.8555696868160629	8049
60238.9576074537	2214991668.701172	0.838761420502063	8049
60238.95772275463	2214991668.701172	0.8325984923536893	8049
60238.95783804398	2214991668.701172	0.8544053743283955	8049
60238.95795333333	2214991668.701172	0.8855450545295783	8049
60238.95806863426	2214991668.701172	0.8869695087633689	8049
60238.95818392361	2214991668.701172	0.8940432926513076	8049
60238.958299224534	2214991668.701172	0.8858766341452903	8049
60238.95841451389	2214991668.701172	0.8899087810727127	8049
60238.958529814816	2214991668.701172	0.9277953858975024	8049
60238.95864510417	2214991668.701172	0.919178534865523	8049
60238.95876040509	2214991653.442383	0.9228989157685892	8049
60238.95887569444	2214991653.442383	0.9344396128579986	8049
60238.95899099537	2214991653.442383	0.9629826405159844	8049
60238.959106284725	2214991653.442383	0.8096411865936851	8049
60238.95922158565	2214991653.442383	0.7236100480313642	8049
60238.959336875	2214991653.442383	0.7471826930036178	8049
60238.95945217593	2214991653.442383	0.7353137625113947	8049
60238.95956746528	2214991653.442383	0.7173889034539316	8049
60238.9596827662	2214991653.442383	0.7202370580022912	8049
60238.959798055555	2214991653.442383	0.8576457661837662	8049
60238.95991334491	2214991653.442383	1.0321347421565563	8049
60238.96002864583	2214991653.442383	1.0276378182658232	8049
60238.96014393518	2214991653.442383	0.965687172833721	8049
60238.96025923611	2214991638.1835938	1.0478155699367855	8049
60238.960374525464	2214991638.1835938	1.060016581419572	8049
60238.960489826386	2214991638.1835938	0.9478529920605201	8049
60238.96060511574	2214991638.1835938	0.7899176768243379	8049
60238.96072041667	2214991638.1835938	0.8135847771047355	8049
60238.96083570602	2214991638.1835938	0.8188800903090744	8049
60238.96095100694	2214991638.1835938	0.812735943291251	8049
60238.961066296295	2214991638.1835938	0.8399517413459185	8049
60238.961181597224	2214991638.1835938	0.8804044235136992	8049
60238.96129688658	2214991638.1835938	1.073006182504051	8049
60238.9614121875	2214991638.1835938	1.0496547267848242	8049
60238.96152747685	2214991622.9248047	1.033386085890677	8049
60238.96164277778	2214991622.9248047	1.0745458155398495	8049
60238.96175806713	2214991622.9248047	1.058019195620235	8049
60238.961873368055	2214991622.9248047	1.0112149916062174	8049
60238.96198865741	2214991622.9248047	0.8908134680446598	8049
60238.96210394676	2214991622.9248047	0.9107695055664543	8049
60238.96221924768	2214991622.9248047	0.9376150983344392	8049
60238.962334537035	2214991622.9248047	0.8820501660375242	8049
60238.96244983796	2214991622.9248047	0.906466909616331	8049
60238.962565127316	2214991622.9248047	0.918816042085816	8049
60238.96268042824	2214991622.9248047	0.8903092273097004	8049
60238.96279571759	2214991622.9248047	0.9087644344953187	8049
60238.96291101852	2214991622.9248047	0.913698575826041	8049
60238.96302630787	2214991607.6660156	0.9430072152619675	8049
60238.963141608794	2214991607.6660156	0.9766103457068982	8049
60238.96325689815	2214991607.6660156	0.9950490978936849	8049
60238.963372199076	2214991607.6660156	0.9808488696648814	8049
60238.96348748843	2214991607.6660156	0.9378793922071106	8049
60238.96360278935	2214991607.6660156	0.9910742129261598	8049
60238.9637180787	2214991607.6660156	0.9871082635726556	8049
60238.96383337963	2214991607.6660156	0.9867893074615394	8049
60238.963948668985	2214991607.6660156	1.0361800857652563	8049
60238.96406395833	2214991607.6660156	1.0593512260425022	8049
60238.96417925926	2214991607.6660156	1.0771123274077117	8049
60238.96429454861	2214991607.6660156	1.029265169617316	8049
60238.964409849534	2214991607.6660156	1.035939070541248	8049
60238.96452513889	2214991592.4072266	1.01354056871764	8049
60238.964640439815	2214991592.4072266	1.0570583781862037	8049
60238.96475572917	2214991592.4072266	1.0897686268705071	8049
60238.96487103009	2214991592.4072266	1.1138756507771297	8049
60238.96498631944	2214991592.4072266	1.0879187282210192	8049
60238.96510162037	2214991592.4072266	1.0815482704989077	8049
60238.965216909724	2214991592.4072266	1.0871792188844243	8049
60238.965332210646	2214991592.4072266	1.0748236477714752	8049
60238.9654475	2214991592.4072266	1.0217356446550578	8049
60238.96556280093	2214991592.4072266	0.7997952528709937	8049
60238.96567809028	2214991592.4072266	0.8143774977876123	8049
60238.9657933912	2214991592.4072266	0.8301739958410003	8049
60238.965908680555	2214991577.1484375	0.8476577155929688	8049
60238.966023981484	2214991577.1484375	0.8249305012750222	8049
60238.96613927084	2214991577.1484375	0.8528295630736793	8049
60238.96625456018	2214991577.1484375	0.8760205540811586	8049
60238.96636986111	2214991577.1484375	0.8251790742606818	8049
60238.966485150464	2214991577.1484375	0.8564918302985819	8049
60238.966600451386	2214991577.1484375	0.8173452296190852	8049
60238.96671574074	2214991577.1484375	0.8596215619154217	8049
60238.96683104167	2214991577.1484375	0.8420469546635121	8049
60238.96694633102	2214991577.1484375	0.8912036627133866	8049
60238.96706163194	2214991577.1484375	0.8685153587978081	8049
60238.967176921295	2214991577.1484375	0.854794812601976	8049
60238.96729222222	2214991577.1484375	0.9022928352290799	8049
60238.967407511576	2214991561.8896484	0.8269585266486206	8049
60238.9675228125	2214991561.8896484	0.8844765974857515	8049
60238.96763810185	2214991561.8896484	0.8998852146225053	8049
60238.96775340278	2214991561.8896484	0.8880008244533781	8049
60238.96786869213	2214991561.8896484	0.9118901167365057	8049
60238.967983993054	2214991561.8896484	0.9175869655849171	8049
60238.96809928241	2214991561.8896484	0.8872895443778692	8049
60238.96821457176	2214991561.8896484	0.9521995480624419	8049
60238.96832987269	2214991561.8896484	0.7000618751037165	8049
60238.968445162034	2214991561.8896484	0.6813018505777957	8049
60238.96856046296	2214991561.8896484	0.6892857065749759	8049
60238.968675752316	2214991561.8896484	0.6894408406197832	8049
60238.96879105324	2214991561.8896484	0.6659667275665034	8049
60238.96890634259	2214991546.6308594	0.7005443970228842	8049
60238.96902164352	2214991546.6308594	0.8508390133037997	8049
60238.96913693287	2214991546.6308594	0.9690785837462286	8049
60238.969252233794	2214991546.6308594	1.0011367665819346	8049
60238.96936752315	2214991546.6308594	1.012813856200404	8049
60238.969482824075	2214991546.6308594	0.9597911382794713	8049
60238.96959811343	2214991546.6308594	1.0067035179410886	8049
60238.96971341435	2214991546.6308594	1.0222802578262113	8049
60238.9698287037	2214991546.6308594	1.033263275049262	8049
60238.96994400463	2214991546.6308594	1.0586328895801935	8049
60238.970059293984	2214991546.6308594	1.0153068120446749	8049
60238.97017458333	2214991546.6308594	1.0915417557455032	8049
60238.97028988426	2214991546.6308594	1.1149875355488388	8049
60238.97040517361	2214991531.3720703	0.9422002233462792	8049
60238.97052047454	2214991531.3720703	0.8022890232946531	8049
60238.970635763886	2214991531.3720703	0.8472594976886545	8049
60238.970751064815	2214991531.3720703	0.787228931005631	8049
60238.97086635417	2214991531.3720703	0.8254138043485884	8049
60238.97098165509	2214991531.3720703	0.8397815858629664	8049
60238.97109694444	2214991531.3720703	0.8533243296808881	8049
60238.97121224537	2214991531.3720703	0.829895701849326	8049
60238.971327534724	2214991531.3720703	0.8804813195603756	8049
60238.971442835646	2214991531.3720703	0.871902023361721	8049
60238.971558125	2214991531.3720703	0.9411004780357903	8049
60238.97167342593	2214991531.3720703	0.8820220420032588	8049
60238.97178871528	2214991531.3720703	0.8976588168844947	8049
60238.9719040162	2214991516.1132812	0.9781431637586034	8049
60238.972019305555	2214991516.1132812	1.0135038594127685	8049
60238.97213460648	2214991516.1132812	1.0537472157230838	8049
60238.972249895836	2214991516.1132812	1.010703285956802	8049
60238.97236518518	2214991516.1132812	1.02167224116272	8049
60238.97248048611	2214991516.1132812	1.0783638518843712	8049
60238.97259577546	2214991516.1132812	1.0599691785937926	8049
60238.97271107639	2214991516.1132812	1.047264015509354	8049
60238.97282636574	2214991516.1132812	1.0576665161700298	8049
60238.97294166667	2214991516.1132812	1.1034777602891628	8049
60238.97305695602	2214991516.1132812	1.0641108047434291	8049
60238.97317225694	2214991516.1132812	1.079785075035785	8049
60238.973287546294	2214991516.1132812	1.0869252570475825	8049
60238.97340284722	2214991500.854492	1.0427426517610425	8049
60238.973518136576	2214991500.854492	1.0232096124408547	8049
60238.9736334375	2214991500.854492	1.0835875786636098	8049
60238.97374872685	2214991500.854492	1.0687121854421224	8049
60238.97386402778	2214991500.854492	1.0414440636603548	8049
60238.97397931713	2214991500.854492	0.8357781212909403	8049
60238.974094618054	2214991500.854492	0.851379624141879	8049
60238.97420990741	2214991500.854492	0.8354189388232162	8049
60238.97432519676	2214991500.854492	0.8344656209665942	8049
60238.97444049769	2214991500.854492	0.8253367931713904	8049
60238.974555787034	2214991500.854492	0.8062710698757984	8049
60238.97467108796	2214991500.854492	0.9880633294324637	8049
60238.974786377315	2214991500.854492	1.0150138073434674	8049
60238.974901678244	2214991500.854492	1.0310214807704399	8049
60238.97501696759	2214991485.595703	1.0124117981361156	8049
60238.97513226852	2214991485.595703	1.035222128024823	8049
60238.97524755787	2214991485.595703	0.9827682390613923	8049
60238.97536285879	2214991485.595703	0.9982300502129513	8049
60238.975478148146	2214991485.595703	0.9964505408787332	8049
60238.975593449075	2214991485.595703	1.0285420843304875	8049
60238.97570873843	2214991485.595703	1.0047478811923534	8049
60238.97582403935	2214991485.595703	1.0150999596364771	8049
60238.9759393287	2214991485.595703	1.00207972516755	8049
60238.97605462963	2214991485.595703	1.017973300533861	8049
60238.976169918984	2214991485.595703	0.9914590682622084	8049
60238.976285219906	2214991485.595703	0.9634769886918357	8049
60238.97640050926	2214991485.595703	0.9549983215207933	8049
60238.97651579861	2214991470.336914	0.950119513404243	8049
60238.97663109954	2214991470.336914	0.9900819017236757	8049
60238.976746388886	2214991470.336914	0.8980468129316503	8049
60238.976861689815	2214991470.336914	0.6547794081382037	8049
60238.97697697917	2214991470.336914	0.7145662670285717	8049
60238.97709228009	2214991470.336914	0.7516752184132457	8049
60238.97720756944	2214991470.336914	0.7434150194534432	8049
60238.97732287037	2214991470.336914	0.7468628864121979	8049
60238.97743815972	2214991470.336914	0.8287003845884313	8049
60238.977553460645	2214991470.336914	1.0634224851601957	8049
60238.97766875	2214991470.336914	1.0596401850819448	8049
60238.97778405093	2214991470.336914	1.016362173920157	8049
60238.97789934028	2214991470.336914	1.0558818791947373	8049
60238.9780146412	2214991470.336914	1.1205097190165594	8049
60238.978129930554	2214991455.078125	1.0444688370943827	8049
60238.97824523148	2214991455.078125	0.9756985416879844	8049
60238.978360520836	2214991455.078125	0.9600998440602891	8049
60238.97847581019	2214991455.078125	0.9432199442786103	8049
60238.97859111111	2214991455.078125	0.9591909764886539	8049
60238.97870640046	2214991455.078125	1.0003600713248684	8049
60238.97882170139	2214991455.078125	0.9376427767021699	8049
60238.97893699074	2214991455.078125	0.9690087106613616	8049
60238.97905229167	2214991455.078125	1.0152111187739346	8049
60238.97916758102	2214991455.078125	1.0035068855875762	8049
60238.97928288194	2214991455.078125	0.988503675203934	8049
60238.979398171294	2214991455.078125	0.9824817967999083	8049
60238.97951347222	2214991455.078125	1.0299470208459829	8049
60238.979628761575	2214991455.078125	0.8360146191894344	8049
60238.9797440625	2214991439.819336	0.8277262937194414	8049
60238.97985935185	2214991439.819336	0.7854899538047821	8049
60238.97997465278	2214991439.819336	0.8025067970088764	8049
60238.98008994213	2214991439.819336	0.822903902034335	8049
60238.98020524305	2214991439.819336	0.7566203070472081	8049
60238.980320532406	2214991439.819336	0.8035866173113759	8049
60238.980435833335	2214991439.819336	0.8064547538140043	8049
60238.98055112269	2214991439.819336	0.7545696640969732	8049
60238.98066641204	2214991439.819336	0.7637911434888178	8049
60238.98078171296	2214991439.819336	0.8124411472581663	8049
60238.980897002315	2214991439.819336	0.7806761610078703	8049
60238.981012303244	2214991439.819336	0.7900445618006576	8049
60238.98112759259	2214991439.819336	0.7994464593853787	8049
60238.98124289352	2214991439.819336	0.8316738642802393	8049
60238.98135818287	2214991424.560547	0.7749236087944704	8049
60238.98147348379	2214991424.560547	0.7311315906108005	8049
60238.981588773146	2214991424.560547	0.75757522682743	8049
60238.981704074075	2214991424.560547	0.7369269218596821	8049
60238.98181936343	2214991424.560547	0.7478636454714398	8049
60238.98193466435	2214991424.560547	0.7319967358194555	8049
60238.9820499537	2214991424.560547	0.7151395576032712	8049
60238.98216525463	2214991424.560547	0.7296251634457258	8049
60238.98228054398	2214991424.560547	0.7328494766428942	8049
60238.982395844905	2214991424.560547	0.6988931802284578	8049
60238.98251113426	2214991424.560547	0.6152010011532265	8049
60238.98262642361	2214991424.560547	0.6159598573692784	8049
60238.98274172454	2214991424.560547	0.636000874833504	8049
60238.98285701389	2214991424.560547	0.5904529552623294	8049
60238.982972314814	2214991424.560547	0.5770053191588399	8049
60238.98308760417	2214991409.301758	0.6268537771863023	8049
60238.983202905096	2214991409.301758	0.553291021554454	8049
60238.98331819444	2214991409.301758	0.6388855579441961	8049
60238.98343349537	2214991409.301758	0.5808327726848327	8049
60238.98354878472	2214991409.301758	0.6339581474161107	8049
60238.983664085645	2214991409.301758	0.6200367974973269	8049
60238.983779375	2214991409.301758	0.6421157960303512	8049
60238.98389467593	2214991409.301758	0.605713879747443	8049
60238.98400996528	2214991409.301758	0.5918843222792582	8049
60238.9841252662	2214991409.301758	0.6378657912072488	8049
60238.984240555554	2214991409.301758	0.6376143783353931	8049
60238.98435585648	2214991409.301758	0.6519023830641331	8049
60238.984471145835	2214991409.301758	0.6732250285414754	8049
60238.98458643519	2214991409.301758	0.6818905859738482	8049
60238.98470173611	2214991394.0429688	0.6105831332686741	8049
60238.98481702546	2214991394.0429688	0.6646742030066131	8049
60238.98493232639	2214991394.0429688	0.6680420505390605	8049
60238.98504761574	2214991394.0429688	0.6100898621202817	8049
60238.985162916666	2214991394.0429688	0.6321462925951733	8049
60238.98527820602	2214991394.0429688	0.6682071353272176	8049
60238.98539350695	2214991394.0429688	0.630858660463464	8049
60238.98550879629	2214991394.0429688	0.6296106852255681	8049
60238.98562409722	2214991394.0429688	0.6076115748948159	8049
60238.985739386575	2214991394.0429688	0.6577722594687203	8049
60238.9858546875	2214991394.0429688	0.6133969653040482	8049
60238.98596997685	2214991394.0429688	0.607160040417399	8049
60238.98608527778	2214991394.0429688	0.5985810413297675	8049
60238.98620056713	2214991394.0429688	0.5692524892654778	8049
60238.98631586805	2214991394.0429688	0.5841702827058923	8049
60238.986431157406	2214991394.0429688	0.5964253151624985	8049
60238.986546458334	2214991394.0429688	0.545119037333347	8049
60238.98666174769	2214991378.7841797	0.5906901241365508	8049
60238.98677703704	2214991378.7841797	0.6048529559912419	8049
60238.98689233796	2214991378.7841797	0.5616894043751935	8049
60238.987007627315	2214991378.7841797	0.5889647434788983	8049
60238.98712292824	2214991378.7841797	0.6014398435944192	8049
60238.98723821759	2214991378.7841797	0.5930265977947469	8049
60238.98735351852	2214991378.7841797	0.5956284188317841	8049
60238.98746880787	2214991378.7841797	0.5974821712588345	8049
60238.9875841088	2214991378.7841797	0.5991638864997861	8049
60238.987699398145	2214991378.7841797	0.638241562373765	8049
60238.987814699074	2214991378.7841797	0.6177482379434625	8049
60238.98792998843	2214991378.7841797	0.6201620223658049	8049
60238.98804528935	2214991378.7841797	0.6777342924433694	8049
60238.9881605787	2214991378.7841797	0.680392024823111	8049
60238.98827587963	2214991363.5253906	0.6763683467978108	8049
60238.98839116898	2214991363.5253906	0.6910419174531295	8049
60238.988506469905	2214991363.5253906	0.6776025756990359	8049
60238.98862175926	2214991363.5253906	0.7018842092780324	8049
60238.98873704861	2214991363.5253906	0.684771681468936	8049
60238.98885234954	2214991363.5253906	0.5924548868603206	8049
60238.98896763889	2214991363.5253906	0.6041649780856851	8049
60238.989082939814	2214991363.5253906	0.6140331022879173	8049
60238.98919822917	2214991363.5253906	0.6220397714598241	8049
60238.989313530095	2214991363.5253906	0.644052127990358	8049
60238.98942881944	2214991363.5253906	0.669728578978587	8049
60238.98954412037	2214991363.5253906	0.6197565500006754	8049
60238.98965940972	2214991363.5253906	0.6488995166162113	8049
60238.98977471065	2214991363.5253906	0.6187093475366664	8049
60238.98989	2214991348.2666016	0.6768642919454113	8049
60238.990005300926	2214991348.2666016	0.6482699482618788	8049
60238.99012059028	2214991348.2666016	0.6570496607011923	8049
60238.9902358912	2214991348.2666016	0.6912264803447787	8049
60238.99035118055	2214991348.2666016	0.7010480472496848	8049
60238.99046648148	2214991348.2666016	0.7129255828199156	8049
60238.990581770835	2214991348.2666016	0.7416385035127833	8049
60238.99069707176	2214991348.2666016	0.7145118090539554	8049
60238.99081236111	2214991348.2666016	0.7251475393918707	8049
60238.99092765046	2214991348.2666016	0.7342415952936664	8049
60238.99104295139	2214991348.2666016	0.6979540320917144	8049
60238.991158240744	2214991348.2666016	0.6794082431829165	8049
60238.991273541666	2214991348.2666016	0.7173445447781767	8049
60238.99138883102	2214991348.2666016	0.6589852127447635	8049
60238.99150413195	2214991348.2666016	0.6557061840767586	8049
60238.99161942129	2214991333.0078125	0.7411931836076006	8049
60238.99173472222	2214991333.0078125	0.6422715762916338	8049
60238.991850011575	2214991333.0078125	0.7138264259180008	8049
60238.9919653125	2214991333.0078125	0.6462121077971084	8049
60238.99208060185	2214991333.0078125	0.6575397131468341	8049
60238.99219590278	2214991333.0078125	0.7125990058110558	8049
60238.99231119213	2214991333.0078125	0.6403892665434092	8049
60238.99242649305	2214991333.0078125	0.6474156203703914	8049
60238.992541782405	2214991333.0078125	0.6447686681689393	8049
60238.992657083334	2214991333.0078125	0.6185030683051507	8049
60238.99277237269	2214991333.0078125	0.6371462204962317	8049
60238.99288766204	2214991333.0078125	0.6120631670711932	8049
60238.99300296296	2214991333.0078125	0.6431507946590848	8049
60238.993118252314	2214991333.0078125	0.605013019603108	8049
60238.99323355324	2214991333.0078125	0.594915706433551	8049
60238.993348842596	2214991333.0078125	0.6467647343001486	8049
60238.99346414352	2214991317.7490234	0.6277305493396629	8049
60238.99357943287	2214991317.7490234	0.66160256278461	8049
60238.9936947338	2214991317.7490234	0.6083363450487379	8049
60238.993810023145	2214991317.7490234	0.6175225474584352	8049
60238.993925324074	2214991317.7490234	0.6294141289522848	8049
60238.99404061343	2214991317.7490234	0.630375654500921	8049
60238.994155914355	2214991317.7490234	0.6381911153979609	8049
60238.9942712037	2214991317.7490234	0.6455899820739055	8049
60238.99438650463	2214991317.7490234	0.6499291697224535	8049
60238.99450179398	2214991317.7490234	0.6736883905135382	8049
60238.994617094904	2214991317.7490234	0.6306362505793169	8049
60238.99473238426	2214991317.7490234	0.642538518166299	8049
60238.994847685186	2214991317.7490234	0.6388558369381814	8049
60238.99496297454	2214991317.7490234	0.5961745311756418	8049
60238.99507826389	2214991317.7490234	0.6526583969180634	8049
60238.99519356481	2214991302.4902344	0.6154772153677389	8049
60238.995308854166	2214991317.7490234	0.6229649776618068	8049
60238.995424155095	2214991302.4902344	0.6580245884328975	8049
60238.99553944445	2214991302.4902344	0.6238198552086871	8049
60238.99565474537	2214991302.4902344	0.6437496962039788	8049
60238.99577003472	2214991302.4902344	0.6347431518781239	8049
60238.99588533565	2214991302.4902344	0.6274894437443849	8049
60238.996000625	2214991302.4902344	0.6351511051202965	8049
60238.996115925926	2214991302.4902344	0.6449047846323404	8049
60238.99623121528	2214991302.4902344	0.567596181968855	8049
60238.99634651621	2214991302.4902344	0.54223185353821	8049
60238.99646180555	2214991302.4902344	0.5813588845049827	8049
60238.99657710648	2214991302.4902344	0.5988347196731747	8049
60238.996692395835	2214991302.4902344	0.5680995846031363	8049
60238.996807696756	2214980682.373047	0.5784293524853477	8049
60238.99692298611	2214991302.4902344	0.5708707638752135	8049
60238.99703827546	2214985137.939453	0.5881706969380809	8049
60238.99715357639	2215020889.2822266	0.5421990945719837	8049
60238.99726886574	2214991287.2314453	0.5370889780961435	8049
60238.997384166665	2215000106.8115234	0.5810109996839135	8049
60238.99749945602	2214991287.2314453	0.5478898972110743	8049
60238.99761475695	2214981643.676758	0.5345916955725982	8049
60238.9977300463	2215030014.038086	0.5252453651769797	8049
60238.99784534722	2214980880.7373047	0.5496708079189516	8049
60238.997960636574	2214984848.022461	0.565585956021468	8049
60238.9980759375	2214977416.9921875	0.5470532548532392	8049
60238.99819122685	2214984558.1054688	0.5652091944848747	8049
60238.99830652778	2215016433.7158203	0.5431041888336249	8049
60238.99842181713	2214995086.669922	0.538201386526031	8049
60238.99853711806	2214994323.7304688	0.5601071841881159	8049
60238.998652407405	2215029724.1210938	0.5174111194355018	8049
60238.99876770833	2215006408.6914062	0.5456749271057912	8049
60238.99888299769	2214996322.631836	0.5353214472880082	8049
60238.99899828704	2214985961.9140625	0.541800089323458	8049
60238.99911358796	2214980133.0566406	0.5541241406707397	8049
60238.999228877314	2215016128.540039	0.5492138858283153	8049
60238.99934417824	2214993270.8740234	0.5489027536408084	8049
60238.999459467595	2214999526.977539	0.5587091480761329	8049
60238.99957476852	2215025924.682617	0.5539781749769214	8049
60238.99969005787	2214973937.9882812	0.5487191910229371	8049
60238.9998053588	2215005584.716797	0.5390060027914967	8049
60238.99992064815	2215014450.073242	0.531834218070538	8049
60239.00003594907	2214969573.9746094	0.5563352953753006	8049
60239.000151238426	2215022323.6083984	0.5707456355678182	8049
60239.000266539355	2214994354.248047	0.5395785555404887	8049
60239.0003818287	2215024780.2734375	0.5605156722301301	8049
60239.00049712963	2214998199.4628906	0.5719369764928531	8049
60239.00061241898	2215024749.7558594	0.5389649618555004	8049
60239.000727719904	2214980636.5966797	0.5496844502667642	8049
60239.00084300926	2215017578.125	0.5439139995901453	8049
60239.000958310186	2214999328.6132812	0.5740128763559801	8049
60239.00107359954	2214990051.2695312	0.5470065341448505	8049
60239.00118888889	2215001525.8789062	0.5436882793940155	8049
60239.00130418981	2214978378.2958984	0.5665217269962484	8049
60239.001419479166	2214990982.055664	0.5399764317671265	8049
60239.001534780095	2215018661.4990234	0.5649480784621882	8049
60239.00165006945	2214973236.0839844	0.5455710026217473	8049
60239.00176537037	2214973495.4833984	0.6032815704528078	8049
60239.00188065972	2215025207.5195312	0.5400498627564955	8049
60239.00199596065	2215000305.1757812	0.557225524182084	8049
60239.00211125	2215001739.501953	0.5598736598757783	8049
60239.002226550925	2215006607.055664	0.5776205865692586	8049
60239.00234184028	2214990509.033203	0.5399016142596496	8049
60239.00245714121	2215012283.3251953	0.5570982368679206	8049
60239.00257243055	2215003494.2626953	0.5505148458653377	8049
60239.00268773148	2214985427.8564453	0.5735630700743479	8049
60239.002803020834	2214973632.8125	0.5605783131375087	8049
60239.002918321756	2214996383.666992	0.5600759231566311	8049
60239.00303361111	2215029403.6865234	0.5574220334127888	8049
60239.00314890046	2214974044.7998047	0.5586524791003193	8049
60239.00326420139	2214981155.395508	0.5306405101610188	8049
60239.00337949074	2215006134.033203	0.5566796371474189	8049
60239.003494791665	2214978881.8359375	0.5619013633791016	8049
60239.00361008102	2214970611.5722656	0.5486885440209002	8049
60239.00372538195	2215005065.9179688	0.5434745080128665	8049
60239.0038406713	2214987197.8759766	0.5342021260749824	8049
60239.00395597222	2214994277.9541016	0.5590653940965783	8049
60239.004071261574	2214991546.6308594	0.5682494028365547	8049
60239.0041865625	2214982040.4052734	0.5512888126528414	8049
60239.004301851855	2215002334.5947266	0.5601410053262499	8049
60239.00441715278	2215014862.060547	0.5308002172396572	8049
60239.00453244213	2215013641.357422	0.5852973535647717	8049
60239.00464774306	2215013763.4277344	0.547665427357167	8049
60239.004763032404	2214983566.2841797	0.5591064696955275	8049
60239.00487833333	2214984466.5527344	0.566632336478313	8049
